bar_0_0   dta b(0,0,0,0,0,0,0,0,0,0,0,0,0,0,0,0)
bar_0_1   dta b(0,0,0,0,0,0,0,0,0,0,0,0,0,0,0,0)
bar_0_2   dta b(0,0,0,0,0,0,0,0,0,0,0,0,0,0,0,0)
bar_0_3   dta b(0,0,0,0,0,0,0,0,0,0,0,0,0,0,0,0)
bar_0_4   dta b(0,0,0,0,0,0,0,0,0,0,0,0,0,0,0,0)
bar_0_5   dta b(0,0,0,0,0,0,0,0,0,0,0,0,0,0,0,0)
bar_0_6   dta b(0,0,0,0,0,0,0,0,0,0,0,0,0,0,0,0)
bar_0_7   dta b(0,0,0,0,0,0,0,0,0,0,0,0,0,0,0,0)
bar_0_8   dta b(0,0,0,0,0,0,0,0,0,0,0,0,0,0,0,0)
bar_0_9   dta b(0,0,0,0,0,0,0,0,0,0,0,0,0,0,0,0)
bar_0_10   dta b(0,0,0,0,0,0,0,0,0,0,0,0,0,0,0,0)
bar_0_11   dta b(0,0,0,0,0,0,0,0,0,0,0,0,0,0,0,0)
bar_0_12   dta b(0,0,0,0,0,0,0,0,0,0,0,0,0,0,0,0)
bar_0_13   dta b(0,0,0,0,0,0,0,0,0,0,0,0,0,0,0,0)
bar_0_14   dta b(0,0,0,0,0,0,0,0,0,0,0,0,0,0,0,0)
bar_0_15   dta b(0,0,0,0,0,0,0,0,0,0,0,0,0,0,0,0)
bar_0_16   dta b(0,0,0,0,0,0,0,0,0,0,0,0,0,0,0,0)
bar_0_17   dta b(0,0,0,0,0,0,0,0,0,0,0,0,0,0,0,0)
bar_0_18   dta b(0,0,0,0,0,0,0,0,0,0,0,0,0,0,0,0)
bar_0_19   dta b(0,0,0,0,0,0,0,0,0,0,0,0,0,0,0,0)
bar_0_20   dta b(0,0,0,0,0,0,0,0,0,0,0,0,0,0,0,0)
bar_0_21   dta b(0,0,0,0,0,0,0,0,0,0,0,0,0,0,0,0)
bar_0_22   dta b(0,0,0,0,0,0,0,0,0,0,0,0,0,0,0,0)
bar_0_23   dta b(0,0,0,0,0,0,0,0,0,0,0,0,0,0,0,0)
bar_0_24   dta b(0,0,0,0,0,0,0,0,0,0,0,0,0,0,0,0)
bar_0_25   dta b(0,0,0,0,0,0,0,0,0,0,0,0,0,0,0,0)
bar_0_26   dta b(0,0,0,0,0,0,0,0,0,0,0,0,0,0,0,0)
bar_0_27   dta b(0,0,0,0,0,0,0,0,0,0,0,0,0,0,0,0)
bar_0_28   dta b(0,0,0,0,0,0,0,0,0,0,0,0,0,0,0,0)
bar_0_29   dta b(0,0,0,0,0,0,0,0,0,0,0,0,0,0,0,0)
bar_0_30   dta b(0,0,0,0,0,0,0,0,0,0,0,0,0,0,0,0)
bar_1_0   dta b(0,0,0,1,1,1,1,1,1,1,1,1,1,1,1,0)
bar_1_1   dta b(0,0,0,2,1,1,1,1,1,2,2,1,1,1,1,0)
bar_1_2   dta b(0,0,0,0,2,1,1,1,1,3,3,1,1,1,2,0)
bar_1_3   dta b(0,0,0,0,3,1,1,1,1,3,4,1,1,1,3,0)
bar_1_4   dta b(0,0,0,0,0,2,1,1,1,3,4,1,1,1,4,0)
bar_1_5   dta b(0,0,0,0,0,3,1,1,1,3,5,1,1,2,0,0)
bar_1_6   dta b(0,0,0,0,0,4,1,1,1,3,6,1,1,3,0,0)
bar_1_7   dta b(0,0,0,0,0,5,1,1,1,4,1,1,2,0,0,0)
bar_1_8   dta b(0,0,0,0,0,5,1,1,1,5,1,2,3,0,0,0)
bar_1_9   dta b(0,0,0,0,0,6,1,1,2,6,1,3,0,0,0,0)
bar_1_10   dta b(0,0,0,0,0,7,1,1,3,7,7,0,0,0,0,0)
bar_1_11   dta b(0,0,0,0,0,8,1,2,4,7,8,0,0,0,0,0)
bar_1_12   dta b(0,0,0,0,4,1,1,3,4,8,0,0,0,0,0,0)
bar_1_13   dta b(0,0,0,0,5,1,2,4,4,9,0,0,0,0,0,0)
bar_1_14   dta b(0,0,0,3,1,9,3,4,4,10,0,0,0,0,0,0)
bar_1_15   dta b(0,0,1,4,1,10,4,4,4,0,0,0,0,0,0,0)
bar_1_16   dta b(0,0,2,5,6,11,4,4,4,0,0,0,0,0,0,0)
bar_1_17   dta b(0,1,3,5,7,12,4,4,4,11,0,0,0,0,0,0)
bar_1_18   dta b(0,2,3,5,8,12,4,4,4,12,0,0,0,0,0,0)
bar_1_19   dta b(1,3,3,5,9,12,4,4,4,13,0,0,0,0,0,0)
bar_1_20   dta b(2,3,3,5,9,12,4,4,4,14,9,0,0,0,0,0)
bar_1_21   dta b(3,3,3,5,10,12,4,4,4,7,10,0,0,0,0,0)
bar_1_22   dta b(4,3,3,5,11,12,4,4,4,7,11,4,0,0,0,0)
bar_1_23   dta b(4,3,3,5,1,13,4,4,4,7,1,5,0,0,0,0)
bar_1_24   dta b(4,3,3,5,1,14,4,4,4,7,1,1,4,0,0,0)
bar_1_25   dta b(5,3,3,5,1,1,5,4,4,7,1,1,5,0,0,0)
bar_1_26   dta b(6,3,3,5,1,1,6,4,4,7,1,1,1,4,0,0)
bar_1_27   dta b(7,4,3,5,1,1,1,5,4,7,1,1,1,5,0,0)
bar_1_28   dta b(0,5,3,5,1,1,1,6,5,7,1,1,1,1,5,0)
bar_1_29   dta b(0,6,4,5,1,1,1,1,6,7,1,1,1,1,6,0)
bar_1_30   dta b(0,0,5,5,1,1,1,1,7,15,1,1,1,1,7,0)
bar_2_0   dta b(0,0,0,1,1,1,1,1,1,1,1,1,1,1,8,1)
bar_2_1   dta b(0,0,0,2,1,1,1,1,1,2,2,1,1,1,8,2)
bar_2_2   dta b(0,0,0,0,2,1,1,1,1,3,3,1,1,1,9,3)
bar_2_3   dta b(0,0,0,0,3,1,1,1,1,3,4,1,1,1,10,4)
bar_2_4   dta b(0,0,0,0,0,2,1,1,1,3,4,1,1,1,11,0)
bar_2_5   dta b(0,0,0,0,0,3,1,1,1,3,5,1,1,6,12,0)
bar_2_6   dta b(0,0,0,0,0,4,1,1,1,3,6,1,1,7,0,0)
bar_2_7   dta b(0,0,0,0,0,5,1,1,1,4,1,1,6,8,0,0)
bar_2_8   dta b(0,0,0,0,0,5,1,1,1,5,1,6,7,0,0,0)
bar_2_9   dta b(0,0,0,0,0,6,1,1,2,6,1,7,8,0,0,0)
bar_2_10   dta b(0,0,0,0,0,7,1,1,3,7,12,8,0,0,0,0)
bar_2_11   dta b(0,0,0,0,0,8,1,2,4,7,13,9,0,0,0,0)
bar_2_12   dta b(0,0,0,0,4,1,1,3,4,16,14,0,0,0,0,0)
bar_2_13   dta b(0,0,0,0,5,1,2,4,4,17,15,0,0,0,0,0)
bar_2_14   dta b(0,0,0,3,1,9,3,4,4,18,0,0,0,0,0,0)
bar_2_15   dta b(0,0,1,4,1,10,4,4,4,19,0,0,0,0,0,0)
bar_2_16   dta b(0,0,2,5,6,11,4,4,4,19,0,0,0,0,0,0)
bar_2_17   dta b(0,1,3,5,7,12,4,4,4,20,16,0,0,0,0,0)
bar_2_18   dta b(0,2,3,5,8,12,4,4,4,21,17,0,0,0,0,0)
bar_2_19   dta b(1,3,3,5,9,12,4,4,4,22,18,0,0,0,0,0)
bar_2_20   dta b(2,3,3,5,9,12,4,4,4,23,19,10,0,0,0,0)
bar_2_21   dta b(3,3,3,5,10,12,4,4,4,7,20,11,0,0,0,0)
bar_2_22   dta b(4,3,3,5,11,12,4,4,4,7,21,12,9,0,0,0)
bar_2_23   dta b(4,3,3,5,1,13,4,4,4,7,1,13,10,0,0,0)
bar_2_24   dta b(4,3,3,5,1,14,4,4,4,7,1,1,11,9,0,0)
bar_2_25   dta b(5,3,3,5,1,1,5,4,4,7,1,1,12,10,13,0)
bar_2_26   dta b(6,3,3,5,1,1,6,4,4,7,1,1,1,11,14,0)
bar_2_27   dta b(7,4,3,5,1,1,1,5,4,7,1,1,1,12,15,5)
bar_2_28   dta b(0,5,3,5,1,1,1,6,5,7,1,1,1,1,16,6)
bar_2_29   dta b(0,6,4,5,1,1,1,1,6,7,1,1,1,1,17,7)
bar_2_30   dta b(0,0,5,5,1,1,1,1,7,15,1,1,1,1,18,1)
bar_3_0   dta b(0,0,0,1,1,1,7,7,8,24,22,14,13,13,19,1)
bar_3_1   dta b(0,0,0,2,1,1,8,8,8,24,22,14,13,13,19,2)
bar_3_2   dta b(0,0,0,0,2,1,1,9,8,24,22,14,13,13,19,3)
bar_3_3   dta b(0,0,0,0,3,1,1,10,8,24,22,14,13,13,19,4)
bar_3_4   dta b(0,0,0,0,0,2,1,11,9,24,22,14,13,13,20,0)
bar_3_5   dta b(0,0,0,0,0,3,1,1,10,24,22,14,13,13,12,0)
bar_3_6   dta b(0,0,0,0,0,4,1,1,10,24,22,14,13,14,0,0)
bar_3_7   dta b(0,0,0,0,0,5,1,1,11,24,22,14,14,8,0,0)
bar_3_8   dta b(0,0,0,0,0,5,1,12,8,24,22,14,15,0,0,0)
bar_3_9   dta b(0,0,0,0,0,6,1,13,8,24,22,15,8,0,0,0)
bar_3_10   dta b(0,0,0,0,0,7,9,14,8,24,22,8,0,0,0,0)
bar_3_11   dta b(0,0,0,0,0,8,10,7,8,24,23,9,0,0,0,0)
bar_3_12   dta b(0,0,0,0,4,15,11,7,8,24,14,0,0,0,0,0)
bar_3_13   dta b(0,0,0,0,5,16,12,7,8,24,15,0,0,0,0,0)
bar_3_14   dta b(0,0,0,3,12,17,12,7,8,25,0,0,0,0,0,0)
bar_3_15   dta b(0,0,1,4,13,17,12,7,8,19,0,0,0,0,0,0)
bar_3_16   dta b(0,0,2,6,14,17,12,7,8,19,0,0,0,0,0,0)
bar_3_17   dta b(0,1,3,7,14,17,12,7,8,26,16,0,0,0,0,0)
bar_3_18   dta b(0,2,6,8,14,17,12,7,8,24,17,0,0,0,0,0)
bar_3_19   dta b(1,3,7,8,14,17,12,7,8,24,18,0,0,0,0,0)
bar_3_20   dta b(2,3,8,8,14,17,12,7,8,24,24,10,0,0,0,0)
bar_3_21   dta b(3,3,9,8,14,17,12,7,8,24,22,11,0,0,0,0)
bar_3_22   dta b(4,3,10,8,14,17,12,7,8,24,22,14,9,0,0,0)
bar_3_23   dta b(4,3,11,8,14,17,12,7,8,24,22,14,10,0,0,0)
bar_3_24   dta b(4,3,12,8,14,17,12,7,8,24,22,14,13,9,0,0)
bar_3_25   dta b(5,3,13,9,14,17,12,7,8,24,22,14,13,10,13,0)
bar_3_26   dta b(6,3,3,10,14,17,12,7,8,24,22,14,13,13,14,0)
bar_3_27   dta b(7,4,3,11,15,17,12,7,8,24,22,14,13,13,15,5)
bar_3_28   dta b(0,5,3,5,16,17,12,7,8,24,22,14,13,13,19,6)
bar_3_29   dta b(0,6,4,5,1,18,12,7,8,24,22,14,13,13,19,7)
bar_3_30   dta b(0,0,5,5,1,19,13,7,8,24,22,14,13,13,19,1)
bar_4_0   dta b(0,0,0,1,1,1,7,15,0,0,0,0,0,0,0,0)
bar_4_1   dta b(0,0,0,2,1,1,8,16,12,0,0,0,0,0,0,0)
bar_4_2   dta b(0,0,0,0,2,1,1,9,13,0,0,0,0,0,0,0)
bar_4_3   dta b(0,0,0,0,3,1,1,10,14,0,0,0,0,0,0,0)
bar_4_4   dta b(0,0,0,0,0,2,1,11,15,0,0,0,0,0,0,0)
bar_4_5   dta b(0,0,0,0,0,3,1,1,16,0,0,0,0,0,0,0)
bar_4_6   dta b(0,0,0,0,0,4,1,1,17,0,0,0,0,0,0,0)
bar_4_7   dta b(0,0,0,0,0,5,1,1,18,0,0,0,0,0,0,0)
bar_4_8   dta b(0,0,0,0,0,5,1,12,19,0,0,0,0,0,0,0)
bar_4_9   dta b(0,0,0,0,0,6,1,17,20,0,0,0,0,0,0,0)
bar_4_10   dta b(0,0,0,0,0,7,9,18,0,0,0,0,0,0,0,0)
bar_4_11   dta b(0,0,0,0,0,8,14,19,0,0,0,0,0,0,0,0)
bar_4_12   dta b(0,0,0,0,4,15,15,0,0,0,0,0,0,0,0,0)
bar_4_13   dta b(0,0,0,0,5,20,0,0,0,0,0,0,0,0,0,0)
bar_4_14   dta b(0,0,0,3,12,21,0,0,0,0,0,0,0,0,0,0)
bar_4_15   dta b(0,0,1,4,17,0,0,0,0,0,0,0,0,0,0,0)
bar_4_16   dta b(0,0,2,6,18,0,0,0,0,0,0,0,0,0,0,0)
bar_4_17   dta b(0,1,3,12,0,0,0,0,0,0,0,0,0,0,0,0)
bar_4_18   dta b(0,2,6,13,0,0,0,0,0,0,0,0,0,0,0,0)
bar_4_19   dta b(1,3,7,14,0,0,0,0,0,0,0,0,0,0,0,0)
bar_4_20   dta b(2,3,8,0,0,0,0,0,0,0,0,0,0,0,0,0)
bar_4_21   dta b(3,3,9,0,0,0,0,0,0,0,0,0,0,0,0,0)
bar_4_22   dta b(4,3,10,15,0,0,0,0,0,0,0,0,0,0,0,0)
bar_4_23   dta b(4,3,11,16,0,0,0,0,0,0,0,0,0,0,0,0)
bar_4_24   dta b(4,3,12,17,0,0,0,0,0,0,0,0,0,0,0,0)
bar_4_25   dta b(5,3,13,18,19,0,0,0,0,0,0,0,0,0,0,0)
bar_4_26   dta b(6,3,3,10,20,0,0,0,0,0,0,0,0,0,0,0)
bar_4_27   dta b(7,4,3,11,15,22,0,0,0,0,0,0,0,0,0,0)
bar_4_28   dta b(0,5,3,5,16,23,0,0,0,0,0,0,0,0,0,0)
bar_4_29   dta b(0,6,4,5,1,18,16,0,0,0,0,0,0,0,0,0)
bar_4_30   dta b(0,0,5,5,1,19,17,20,0,0,0,0,0,0,0,0)
bar_5_0   dta b(0,0,0,0,2,1,1,1,1,1,1,1,1,1,8,1)
bar_5_1   dta b(0,0,0,0,3,1,1,1,1,2,2,1,1,1,8,2)
bar_5_2   dta b(0,0,0,0,0,2,1,1,1,3,3,1,1,1,9,3)
bar_5_3   dta b(0,0,0,0,0,24,1,1,1,3,4,1,1,1,10,4)
bar_5_4   dta b(0,0,0,0,0,0,18,1,1,3,4,1,1,1,11,0)
bar_5_5   dta b(0,0,0,0,0,0,19,1,1,3,5,1,1,6,12,0)
bar_5_6   dta b(0,0,0,0,0,0,20,1,1,3,6,1,1,7,0,0)
bar_5_7   dta b(0,0,0,0,0,0,20,1,1,4,1,1,6,8,0,0)
bar_5_8   dta b(0,0,0,0,0,0,21,1,1,5,1,6,7,0,0,0)
bar_5_9   dta b(0,0,0,0,0,0,22,1,2,6,1,7,8,0,0,0)
bar_5_10   dta b(0,0,0,0,0,25,23,1,3,7,12,8,0,0,0,0)
bar_5_11   dta b(0,0,0,0,0,26,1,2,4,7,13,9,0,0,0,0)
bar_5_12   dta b(0,0,0,0,0,8,1,3,4,16,14,0,0,0,0,0)
bar_5_13   dta b(0,0,0,0,21,1,2,4,4,17,15,0,0,0,0,0)
bar_5_14   dta b(0,0,0,19,22,9,3,4,4,18,0,0,0,0,0,0)
bar_5_15   dta b(0,0,0,20,1,10,4,4,4,19,0,0,0,0,0,0)
bar_5_16   dta b(0,0,14,5,6,11,4,4,4,19,0,0,0,0,0,0)
bar_5_17   dta b(0,0,2,5,7,12,4,4,4,20,16,0,0,0,0,0)
bar_5_18   dta b(0,1,3,5,8,12,4,4,4,21,17,0,0,0,0,0)
bar_5_19   dta b(0,2,3,5,9,12,4,4,4,22,18,0,0,0,0,0)
bar_5_20   dta b(8,7,3,5,9,12,4,4,4,23,19,10,0,0,0,0)
bar_5_21   dta b(9,3,3,5,10,12,4,4,4,7,20,11,0,0,0,0)
bar_5_22   dta b(10,3,3,5,11,12,4,4,4,7,21,12,9,0,0,0)
bar_5_23   dta b(10,3,3,5,1,13,4,4,4,7,1,13,10,0,0,0)
bar_5_24   dta b(11,3,3,5,1,14,4,4,4,7,1,1,11,9,0,0)
bar_5_25   dta b(0,8,3,5,1,1,5,4,4,7,1,1,12,10,13,0)
bar_5_26   dta b(0,9,3,5,1,1,6,4,4,7,1,1,1,11,14,0)
bar_5_27   dta b(0,10,15,5,1,1,1,5,4,7,1,1,1,12,15,5)
bar_5_28   dta b(0,0,5,5,1,1,1,6,5,7,1,1,1,1,16,6)
bar_5_29   dta b(0,0,16,21,1,1,1,1,6,7,1,1,1,1,17,7)
bar_5_30   dta b(0,0,0,22,1,1,1,1,7,15,1,1,1,1,18,1)
bar_6_0   dta b(0,0,0,0,0,27,12,7,8,24,22,14,13,13,19,1)
bar_6_1   dta b(0,0,0,0,0,28,24,7,8,24,22,14,13,13,19,2)
bar_6_2   dta b(0,0,0,0,0,0,25,7,8,24,22,14,13,13,19,3)
bar_6_3   dta b(0,0,0,0,0,0,26,7,8,24,22,14,13,13,19,4)
bar_6_4   dta b(0,0,0,0,0,0,0,21,8,24,22,14,13,13,20,0)
bar_6_5   dta b(0,0,0,0,0,0,0,22,8,24,22,14,13,13,12,0)
bar_6_6   dta b(0,0,0,0,0,0,0,23,8,24,22,14,13,14,0,0)
bar_6_7   dta b(0,0,0,0,0,0,0,23,8,24,22,14,14,8,0,0)
bar_6_8   dta b(0,0,0,0,0,0,0,24,8,24,22,14,15,0,0,0)
bar_6_9   dta b(0,0,0,0,0,0,27,25,8,24,22,15,8,0,0,0)
bar_6_10   dta b(0,0,0,0,0,0,28,7,8,24,22,8,0,0,0,0)
bar_6_11   dta b(0,0,0,0,0,0,29,7,8,24,23,9,0,0,0,0)
bar_6_12   dta b(0,0,0,0,0,29,12,7,8,24,14,0,0,0,0,0)
bar_6_13   dta b(0,0,0,0,23,30,12,7,8,24,15,0,0,0,0,0)
bar_6_14   dta b(0,0,0,0,24,17,12,7,8,25,0,0,0,0,0,0)
bar_6_15   dta b(0,0,0,23,14,17,12,7,8,19,0,0,0,0,0,0)
bar_6_16   dta b(0,0,0,24,14,17,12,7,8,19,0,0,0,0,0,0)
bar_6_17   dta b(0,0,17,8,14,17,12,7,8,26,16,0,0,0,0,0)
bar_6_18   dta b(0,0,18,8,14,17,12,7,8,24,17,0,0,0,0,0)
bar_6_19   dta b(0,11,19,8,14,17,12,7,8,24,18,0,0,0,0,0)
bar_6_20   dta b(0,12,19,8,14,17,12,7,8,24,24,10,0,0,0,0)
bar_6_21   dta b(0,13,19,8,14,17,12,7,8,24,22,11,0,0,0,0)
bar_6_22   dta b(0,13,19,8,14,17,12,7,8,24,22,14,9,0,0,0)
bar_6_23   dta b(0,14,19,8,14,17,12,7,8,24,22,14,10,0,0,0)
bar_6_24   dta b(0,15,19,8,14,17,12,7,8,24,22,14,13,9,0,0)
bar_6_25   dta b(0,16,20,8,14,17,12,7,8,24,22,14,13,10,13,0)
bar_6_26   dta b(0,0,21,8,14,17,12,7,8,24,22,14,13,13,14,0)
bar_6_27   dta b(0,0,22,25,14,17,12,7,8,24,22,14,13,13,15,5)
bar_6_28   dta b(0,0,0,26,14,17,12,7,8,24,22,14,13,13,19,6)
bar_6_29   dta b(0,0,0,0,25,17,12,7,8,24,22,14,13,13,19,7)
bar_6_30   dta b(0,0,0,0,26,17,12,7,8,24,22,14,13,13,19,1)
bar_7_0   dta b(0,0,0,0,2,1,1,1,1,1,1,1,1,1,21,0)
bar_7_1   dta b(0,0,0,0,3,1,1,1,1,2,2,1,1,1,21,0)
bar_7_2   dta b(0,0,0,0,0,2,1,1,1,3,3,1,1,1,22,0)
bar_7_3   dta b(0,0,0,0,0,24,1,1,1,3,4,1,1,15,0,0)
bar_7_4   dta b(0,0,0,0,0,0,18,1,1,3,4,1,1,16,0,0)
bar_7_5   dta b(0,0,0,0,0,0,19,1,1,3,5,1,1,3,0,0)
bar_7_6   dta b(0,0,0,0,0,0,20,1,1,3,6,1,16,0,0,0)
bar_7_7   dta b(0,0,0,0,0,0,20,1,1,4,1,1,17,0,0,0)
bar_7_8   dta b(0,0,0,0,0,0,21,1,1,5,1,16,0,0,0,0)
bar_7_9   dta b(0,0,0,0,0,0,22,1,2,6,25,17,0,0,0,0)
bar_7_10   dta b(0,0,0,0,0,25,23,1,3,7,26,0,0,0,0,0)
bar_7_11   dta b(0,0,0,0,0,26,1,2,4,8,0,0,0,0,0,0)
bar_7_12   dta b(0,0,0,0,0,8,1,3,4,27,0,0,0,0,0,0)
bar_7_13   dta b(0,0,0,0,21,1,2,4,21,28,0,0,0,0,0,0)
bar_7_14   dta b(0,0,0,19,22,9,3,4,22,0,0,0,0,0,0,0)
bar_7_15   dta b(0,0,0,20,1,10,4,4,23,0,0,0,0,0,0,0)
bar_7_16   dta b(0,0,14,5,6,11,4,4,24,0,0,0,0,0,0,0)
bar_7_17   dta b(0,0,2,5,7,12,4,4,24,0,0,0,0,0,0,0)
bar_7_18   dta b(0,1,3,5,8,12,4,4,25,0,0,0,0,0,0,0)
bar_7_19   dta b(0,2,3,5,9,12,4,4,26,0,0,0,0,0,0,0)
bar_7_20   dta b(8,7,3,5,9,12,4,4,27,29,0,0,0,0,0,0)
bar_7_21   dta b(9,3,3,5,10,12,4,4,4,30,0,0,0,0,0,0)
bar_7_22   dta b(10,3,3,5,11,12,4,4,4,14,9,0,0,0,0,0)
bar_7_23   dta b(10,3,3,5,1,13,4,4,4,7,10,0,0,0,0,0)
bar_7_24   dta b(11,3,3,5,1,14,4,4,4,7,27,18,0,0,0,0)
bar_7_25   dta b(0,8,3,5,1,1,5,4,4,7,1,19,0,0,0,0)
bar_7_26   dta b(0,9,3,5,1,1,6,4,4,7,1,1,18,0,0,0)
bar_7_27   dta b(0,10,15,5,1,1,1,5,4,7,1,1,5,0,0,0)
bar_7_28   dta b(0,0,5,5,1,1,1,6,5,7,1,1,1,4,0,0)
bar_7_29   dta b(0,0,16,21,1,1,1,1,6,7,1,1,1,17,0,0)
bar_7_30   dta b(0,0,0,22,1,1,1,1,7,15,1,1,1,18,23,0)
bar_8_0   dta b(0,0,0,1,1,1,7,7,8,24,22,14,19,1,8,1)
bar_8_1   dta b(0,0,0,2,1,1,8,8,8,24,22,14,20,1,8,2)
bar_8_2   dta b(0,0,0,0,2,1,1,9,8,24,22,14,21,1,9,3)
bar_8_3   dta b(0,0,0,0,3,1,1,10,8,24,22,14,22,1,10,4)
bar_8_4   dta b(0,0,0,0,0,2,1,11,9,24,22,14,23,1,11,0)
bar_8_5   dta b(0,0,0,0,0,3,1,1,10,24,22,14,24,6,12,0)
bar_8_6   dta b(0,0,0,0,0,4,1,1,10,24,22,20,1,7,0,0)
bar_8_7   dta b(0,0,0,0,0,5,1,1,11,24,22,21,6,8,0,0)
bar_8_8   dta b(0,0,0,0,0,5,1,12,8,24,28,6,7,0,0,0)
bar_8_9   dta b(0,0,0,0,0,6,1,13,8,24,29,7,8,0,0,0)
bar_8_10   dta b(0,0,0,0,0,7,9,14,8,31,12,8,0,0,0,0)
bar_8_11   dta b(0,0,0,0,0,8,10,7,28,32,13,9,0,0,0,0)
bar_8_12   dta b(0,0,0,0,4,15,11,7,29,16,14,0,0,0,0,0)
bar_8_13   dta b(0,0,0,0,5,16,12,26,30,17,15,0,0,0,0,0)
bar_8_14   dta b(0,0,0,3,12,17,12,27,4,18,0,0,0,0,0,0)
bar_8_15   dta b(0,0,1,4,13,17,12,28,4,19,0,0,0,0,0,0)
bar_8_16   dta b(0,0,2,6,14,17,30,4,4,19,0,0,0,0,0,0)
bar_8_17   dta b(0,1,3,7,14,17,31,4,4,20,16,0,0,0,0,0)
bar_8_18   dta b(0,2,6,8,14,17,31,4,4,21,17,0,0,0,0,0)
bar_8_19   dta b(1,3,7,8,14,17,32,4,4,22,18,0,0,0,0,0)
bar_8_20   dta b(2,3,8,8,14,17,33,29,4,23,19,10,0,0,0,0)
bar_8_21   dta b(3,3,9,8,14,17,12,30,4,7,20,11,0,0,0,0)
bar_8_22   dta b(4,3,10,8,14,17,12,31,4,7,21,12,9,0,0,0)
bar_8_23   dta b(4,3,11,8,14,17,12,7,31,7,1,13,10,0,0,0)
bar_8_24   dta b(4,3,12,8,14,17,12,7,32,33,1,1,11,9,0,0)
bar_8_25   dta b(5,3,13,9,14,17,12,7,8,34,1,1,12,10,13,0)
bar_8_26   dta b(6,3,3,10,14,17,12,7,8,35,30,1,1,11,14,0)
bar_8_27   dta b(7,4,3,11,15,17,12,7,8,24,31,1,1,12,15,5)
bar_8_28   dta b(0,5,3,5,16,17,12,7,8,24,22,22,1,1,16,6)
bar_8_29   dta b(0,6,4,5,1,18,12,7,8,24,22,23,1,1,17,7)
bar_8_30   dta b(0,0,5,5,1,19,13,7,8,24,22,14,25,1,18,1)
bar_9_0   dta b(0,0,0,1,1,1,7,15,0,0,0,0,26,1,8,1)
bar_9_1   dta b(0,0,0,2,1,1,8,16,12,0,0,0,27,1,8,2)
bar_9_2   dta b(0,0,0,0,2,1,1,9,13,0,0,0,28,1,9,3)
bar_9_3   dta b(0,0,0,0,3,1,1,10,14,0,0,0,29,1,10,4)
bar_9_4   dta b(0,0,0,0,0,2,1,11,15,0,0,0,30,1,11,0)
bar_9_5   dta b(0,0,0,0,0,3,1,1,16,0,0,0,31,6,12,0)
bar_9_6   dta b(0,0,0,0,0,4,1,1,17,0,0,24,1,7,0,0)
bar_9_7   dta b(0,0,0,0,0,5,1,1,18,0,0,25,6,8,0,0)
bar_9_8   dta b(0,0,0,0,0,5,1,12,19,0,32,6,7,0,0,0)
bar_9_9   dta b(0,0,0,0,0,6,1,17,20,0,33,7,8,0,0,0)
bar_9_10   dta b(0,0,0,0,0,7,9,18,0,36,12,8,0,0,0,0)
bar_9_11   dta b(0,0,0,0,0,8,14,19,33,37,13,9,0,0,0,0)
bar_9_12   dta b(0,0,0,0,4,15,15,0,34,16,14,0,0,0,0,0)
bar_9_13   dta b(0,0,0,0,5,20,0,32,35,17,15,0,0,0,0,0)
bar_9_14   dta b(0,0,0,3,12,21,0,33,4,18,0,0,0,0,0,0)
bar_9_15   dta b(0,0,1,4,17,0,0,34,4,19,0,0,0,0,0,0)
bar_9_16   dta b(0,0,2,6,18,0,34,4,4,19,0,0,0,0,0,0)
bar_9_17   dta b(0,1,3,12,0,0,35,4,4,20,16,0,0,0,0,0)
bar_9_18   dta b(0,2,6,13,0,0,35,4,4,21,17,0,0,0,0,0)
bar_9_19   dta b(1,3,7,14,0,0,36,4,4,22,18,0,0,0,0,0)
bar_9_20   dta b(2,3,8,0,0,0,37,35,4,23,19,10,0,0,0,0)
bar_9_21   dta b(3,3,9,0,0,0,0,36,4,7,20,11,0,0,0,0)
bar_9_22   dta b(4,3,10,15,0,0,0,37,4,7,21,12,9,0,0,0)
bar_9_23   dta b(4,3,11,16,0,0,0,0,36,7,1,13,10,0,0,0)
bar_9_24   dta b(4,3,12,17,0,0,0,0,37,38,1,1,11,9,0,0)
bar_9_25   dta b(5,3,13,18,19,0,0,0,0,39,1,1,12,10,13,0)
bar_9_26   dta b(6,3,3,10,20,0,0,0,0,40,34,1,1,11,14,0)
bar_9_27   dta b(7,4,3,11,15,22,0,0,0,0,35,1,1,12,15,5)
bar_9_28   dta b(0,5,3,5,16,23,0,0,0,0,0,26,1,1,16,6)
bar_9_29   dta b(0,6,4,5,1,18,16,0,0,0,0,27,1,1,17,7)
bar_9_30   dta b(0,0,5,5,1,19,17,20,0,0,0,0,32,1,18,1)
bar_10_0   dta b(0,0,0,0,2,1,1,1,1,1,1,1,1,1,24,1)
bar_10_1   dta b(0,0,0,0,3,1,1,1,1,2,2,1,1,1,24,2)
bar_10_2   dta b(0,0,0,0,0,2,1,1,1,3,3,1,1,1,25,3)
bar_10_3   dta b(0,0,0,0,0,24,1,1,1,3,4,1,1,19,19,4)
bar_10_4   dta b(0,0,0,0,0,0,18,1,1,3,4,1,1,20,20,0)
bar_10_5   dta b(0,0,0,0,0,0,19,1,1,3,5,1,1,21,12,0)
bar_10_6   dta b(0,0,0,0,0,0,20,1,1,3,6,1,33,14,0,0)
bar_10_7   dta b(0,0,0,0,0,0,20,1,1,4,1,1,34,8,0,0)
bar_10_8   dta b(0,0,0,0,0,0,21,1,1,5,1,28,15,0,0,0)
bar_10_9   dta b(0,0,0,0,0,0,22,1,2,6,36,29,8,0,0,0)
bar_10_10   dta b(0,0,0,0,0,25,23,1,3,7,37,8,0,0,0,0)
bar_10_11   dta b(0,0,0,0,0,26,1,2,4,16,23,9,0,0,0,0)
bar_10_12   dta b(0,0,0,0,0,8,1,3,4,41,14,0,0,0,0,0)
bar_10_13   dta b(0,0,0,0,21,1,2,4,38,42,15,0,0,0,0,0)
bar_10_14   dta b(0,0,0,19,22,9,3,4,39,25,0,0,0,0,0,0)
bar_10_15   dta b(0,0,0,20,1,10,4,4,40,19,0,0,0,0,0,0)
bar_10_16   dta b(0,0,14,5,6,11,4,4,41,19,0,0,0,0,0,0)
bar_10_17   dta b(0,0,2,5,7,12,4,4,41,26,16,0,0,0,0,0)
bar_10_18   dta b(0,1,3,5,8,12,4,4,42,24,17,0,0,0,0,0)
bar_10_19   dta b(0,2,3,5,9,12,4,4,43,24,18,0,0,0,0,0)
bar_10_20   dta b(8,7,3,5,9,12,4,4,44,43,24,10,0,0,0,0)
bar_10_21   dta b(9,3,3,5,10,12,4,4,4,44,22,11,0,0,0,0)
bar_10_22   dta b(10,3,3,5,11,12,4,4,4,23,38,14,9,0,0,0)
bar_10_23   dta b(10,3,3,5,1,13,4,4,4,7,20,14,10,0,0,0)
bar_10_24   dta b(11,3,3,5,1,14,4,4,4,7,39,30,13,9,0,0)
bar_10_25   dta b(0,8,3,5,1,1,5,4,4,7,1,31,13,10,13,0)
bar_10_26   dta b(0,9,3,5,1,1,6,4,4,7,1,1,35,13,14,0)
bar_10_27   dta b(0,10,15,5,1,1,1,5,4,7,1,1,12,13,15,5)
bar_10_28   dta b(0,0,5,5,1,1,1,6,5,7,1,1,1,11,19,6)
bar_10_29   dta b(0,0,16,21,1,1,1,1,6,7,1,1,1,22,19,7)
bar_10_30   dta b(0,0,0,22,1,1,1,1,7,15,1,1,1,23,26,1)
bar_11_0   dta b(0,0,0,0,0,27,12,7,8,24,22,14,13,13,27,0)
bar_11_1   dta b(0,0,0,0,0,28,24,7,8,24,22,14,13,13,27,0)
bar_11_2   dta b(0,0,0,0,0,0,25,7,8,24,22,14,13,13,28,0)
bar_11_3   dta b(0,0,0,0,0,0,26,7,8,24,22,14,13,13,29,0)
bar_11_4   dta b(0,0,0,0,0,0,0,21,8,24,22,14,13,13,30,0)
bar_11_5   dta b(0,0,0,0,0,0,0,22,8,24,22,14,13,14,0,0)
bar_11_6   dta b(0,0,0,0,0,0,0,23,8,24,22,14,13,24,0,0)
bar_11_7   dta b(0,0,0,0,0,0,0,23,8,24,22,14,15,0,0,0)
bar_11_8   dta b(0,0,0,0,0,0,0,24,8,24,22,15,8,0,0,0)
bar_11_9   dta b(0,0,0,0,0,0,27,25,8,24,22,8,0,0,0,0)
bar_11_10   dta b(0,0,0,0,0,0,28,7,8,24,40,0,0,0,0,0)
bar_11_11   dta b(0,0,0,0,0,0,29,7,8,24,41,0,0,0,0,0)
bar_11_12   dta b(0,0,0,0,0,29,12,7,8,45,0,0,0,0,0,0)
bar_11_13   dta b(0,0,0,0,23,30,12,7,8,46,0,0,0,0,0,0)
bar_11_14   dta b(0,0,0,0,24,17,12,7,8,47,0,0,0,0,0,0)
bar_11_15   dta b(0,0,0,23,14,17,12,7,8,0,0,0,0,0,0,0)
bar_11_16   dta b(0,0,0,24,14,17,12,7,8,0,0,0,0,0,0,0)
bar_11_17   dta b(0,0,17,8,14,17,12,7,8,48,0,0,0,0,0,0)
bar_11_18   dta b(0,0,18,8,14,17,12,7,8,49,0,0,0,0,0,0)
bar_11_19   dta b(0,11,19,8,14,17,12,7,8,50,0,0,0,0,0,0)
bar_11_20   dta b(0,12,19,8,14,17,12,7,8,51,16,0,0,0,0,0)
bar_11_21   dta b(0,13,19,8,14,17,12,7,8,24,42,0,0,0,0,0)
bar_11_22   dta b(0,13,19,8,14,17,12,7,8,24,43,32,0,0,0,0)
bar_11_23   dta b(0,14,19,8,14,17,12,7,8,24,22,11,0,0,0,0)
bar_11_24   dta b(0,15,19,8,14,17,12,7,8,24,22,14,9,0,0,0)
bar_11_25   dta b(0,16,20,8,14,17,12,7,8,24,22,14,10,0,0,0)
bar_11_26   dta b(0,0,21,8,14,17,12,7,8,24,22,14,13,25,0,0)
bar_11_27   dta b(0,0,22,25,14,17,12,7,8,24,22,14,13,26,0,0)
bar_11_28   dta b(0,0,0,26,14,17,12,7,8,24,22,14,13,13,31,0)
bar_11_29   dta b(0,0,0,0,25,17,12,7,8,24,22,14,13,13,32,0)
bar_11_30   dta b(0,0,0,0,26,17,12,7,8,24,22,14,13,13,33,0)
bar_12_0   dta b(0,0,0,1,1,1,38,0,0,0,0,0,0,0,0,0)
bar_12_1   dta b(0,0,0,2,1,1,39,38,0,0,0,0,0,0,0,0)
bar_12_2   dta b(0,0,0,0,2,1,1,39,0,0,0,0,0,0,0,0)
bar_12_3   dta b(0,0,0,0,3,1,1,40,0,0,0,0,0,0,0,0)
bar_12_4   dta b(0,0,0,0,0,2,1,41,45,0,0,0,0,0,0,0)
bar_12_5   dta b(0,0,0,0,0,3,1,1,46,0,0,0,0,0,0,0)
bar_12_6   dta b(0,0,0,0,0,4,1,1,46,0,0,0,0,0,0,0)
bar_12_7   dta b(0,0,0,0,0,5,1,1,47,0,0,0,0,0,0,0)
bar_12_8   dta b(0,0,0,0,0,5,1,42,0,0,0,0,0,0,0,0)
bar_12_9   dta b(0,0,0,0,0,6,1,43,0,0,0,0,0,0,0,0)
bar_12_10   dta b(0,0,0,0,0,7,40,44,0,0,0,0,0,0,0,0)
bar_12_11   dta b(0,0,0,0,0,8,41,0,0,0,0,0,0,0,0,0)
bar_12_12   dta b(0,0,0,0,4,31,42,0,0,0,0,0,0,0,0,0)
bar_12_13   dta b(0,0,0,0,5,32,0,0,0,0,0,0,0,0,0,0)
bar_12_14   dta b(0,0,0,3,27,0,0,0,0,0,0,0,0,0,0,0)
bar_12_15   dta b(0,0,1,4,28,0,0,0,0,0,0,0,0,0,0,0)
bar_12_16   dta b(0,0,2,27,0,0,0,0,0,0,0,0,0,0,0,0)
bar_12_17   dta b(0,1,3,28,0,0,0,0,0,0,0,0,0,0,0,0)
bar_12_18   dta b(0,2,23,0,0,0,0,0,0,0,0,0,0,0,0,0)
bar_12_19   dta b(1,3,24,0,0,0,0,0,0,0,0,0,0,0,0,0)
bar_12_20   dta b(2,3,25,0,0,0,0,0,0,0,0,0,0,0,0,0)
bar_12_21   dta b(3,3,26,0,0,0,0,0,0,0,0,0,0,0,0,0)
bar_12_22   dta b(4,3,27,0,0,0,0,0,0,0,0,0,0,0,0,0)
bar_12_23   dta b(4,3,28,0,0,0,0,0,0,0,0,0,0,0,0,0)
bar_12_24   dta b(4,3,29,0,0,0,0,0,0,0,0,0,0,0,0,0)
bar_12_25   dta b(5,3,30,29,0,0,0,0,0,0,0,0,0,0,0,0)
bar_12_26   dta b(6,3,3,30,0,0,0,0,0,0,0,0,0,0,0,0)
bar_12_27   dta b(7,4,3,31,29,0,0,0,0,0,0,0,0,0,0,0)
bar_12_28   dta b(0,5,3,5,30,0,0,0,0,0,0,0,0,0,0,0)
bar_12_29   dta b(0,6,4,5,1,33,0,0,0,0,0,0,0,0,0,0)
bar_12_30   dta b(0,0,5,5,1,34,43,0,0,0,0,0,0,0,0,0)
bar_13_0   dta b(0,0,0,0,31,17,12,15,0,0,0,0,0,0,0,0)
bar_13_1   dta b(0,0,0,0,26,17,12,45,12,0,0,0,0,0,0,0)
bar_13_2   dta b(0,0,0,0,0,35,12,7,13,0,0,0,0,0,0,0)
bar_13_3   dta b(0,0,0,0,0,36,12,7,14,0,0,0,0,0,0,0)
bar_13_4   dta b(0,0,0,0,0,0,44,7,48,0,0,0,0,0,0,0)
bar_13_5   dta b(0,0,0,0,0,0,45,7,49,0,0,0,0,0,0,0)
bar_13_6   dta b(0,0,0,0,0,0,46,7,50,0,0,0,0,0,0,0)
bar_13_7   dta b(0,0,0,0,0,0,46,7,51,0,0,0,0,0,0,0)
bar_13_8   dta b(0,0,0,0,0,0,47,7,19,0,0,0,0,0,0,0)
bar_13_9   dta b(0,0,0,0,0,0,48,46,20,0,0,0,0,0,0,0)
bar_13_10   dta b(0,0,0,0,0,37,49,47,0,0,0,0,0,0,0,0)
bar_13_11   dta b(0,0,0,0,0,38,50,19,0,0,0,0,0,0,0,0)
bar_13_12   dta b(0,0,0,0,0,39,51,0,0,0,0,0,0,0,0,0)
bar_13_13   dta b(0,0,0,0,32,40,0,0,0,0,0,0,0,0,0,0)
bar_13_14   dta b(0,0,0,32,33,21,0,0,0,0,0,0,0,0,0,0)
bar_13_15   dta b(0,0,0,33,34,0,0,0,0,0,0,0,0,0,0,0)
bar_13_16   dta b(0,0,31,8,18,0,0,0,0,0,0,0,0,0,0,0)
bar_13_17   dta b(0,0,32,34,0,0,0,0,0,0,0,0,0,0,0,0)
bar_13_18   dta b(0,17,19,13,0,0,0,0,0,0,0,0,0,0,0,0)
bar_13_19   dta b(0,18,19,14,0,0,0,0,0,0,0,0,0,0,0,0)
bar_13_20   dta b(12,19,19,0,0,0,0,0,0,0,0,0,0,0,0,0)
bar_13_21   dta b(13,20,19,0,0,0,0,0,0,0,0,0,0,0,0,0)
bar_13_22   dta b(14,20,19,15,0,0,0,0,0,0,0,0,0,0,0,0)
bar_13_23   dta b(14,20,19,16,0,0,0,0,0,0,0,0,0,0,0,0)
bar_13_24   dta b(15,20,19,17,0,0,0,0,0,0,0,0,0,0,0,0)
bar_13_25   dta b(0,21,19,35,19,0,0,0,0,0,0,0,0,0,0,0)
bar_13_26   dta b(0,22,19,8,20,0,0,0,0,0,0,0,0,0,0,0)
bar_13_27   dta b(0,23,33,8,14,22,0,0,0,0,0,0,0,0,0,0)
bar_13_28   dta b(0,0,21,8,14,23,0,0,0,0,0,0,0,0,0,0)
bar_13_29   dta b(0,0,22,25,14,17,16,0,0,0,0,0,0,0,0,0)
bar_13_30   dta b(0,0,0,36,14,17,52,20,0,0,0,0,0,0,0,0)
bar_14_0   dta b(0,0,0,0,31,17,12,7,52,1,44,14,13,13,19,1)
bar_14_1   dta b(0,0,0,0,26,17,12,7,53,52,45,14,13,13,19,2)
bar_14_2   dta b(0,0,0,0,0,35,12,7,8,53,3,33,13,13,19,3)
bar_14_3   dta b(0,0,0,0,0,36,12,7,8,54,4,34,13,13,19,4)
bar_14_4   dta b(0,0,0,0,0,0,44,7,8,55,4,34,13,13,20,0)
bar_14_5   dta b(0,0,0,0,0,0,45,7,8,55,46,35,13,13,12,0)
bar_14_6   dta b(0,0,0,0,0,0,46,7,8,56,47,14,13,14,0,0)
bar_14_7   dta b(0,0,0,0,0,0,46,7,8,57,48,14,14,8,0,0)
bar_14_8   dta b(0,0,0,0,0,0,47,7,54,58,49,14,15,0,0,0)
bar_14_9   dta b(0,0,0,0,0,0,48,7,55,59,22,15,8,0,0,0)
bar_14_10   dta b(0,0,0,0,0,37,49,48,56,24,22,8,0,0,0,0)
bar_14_11   dta b(0,0,0,0,0,38,12,49,57,24,23,9,0,0,0,0)
bar_14_12   dta b(0,0,0,0,0,39,53,50,8,24,14,0,0,0,0,0)
bar_14_13   dta b(0,0,0,0,32,17,54,51,8,24,15,0,0,0,0,0)
bar_14_14   dta b(0,0,0,32,33,41,55,7,8,25,0,0,0,0,0,0)
bar_14_15   dta b(0,0,0,33,35,42,56,7,8,19,0,0,0,0,0,0)
bar_14_16   dta b(0,0,31,8,36,43,12,7,8,19,0,0,0,0,0,0)
bar_14_17   dta b(0,0,32,8,37,44,12,7,8,26,16,0,0,0,0,0)
bar_14_18   dta b(0,17,19,37,8,45,12,7,8,24,17,0,0,0,0,0)
bar_14_19   dta b(0,18,19,38,9,45,12,7,8,24,18,0,0,0,0,0)
bar_14_20   dta b(12,19,19,38,9,46,12,7,8,24,24,10,0,0,0,0)
bar_14_21   dta b(13,20,19,39,10,47,12,7,8,24,22,11,0,0,0,0)
bar_14_22   dta b(14,20,19,40,38,48,12,7,8,24,22,14,9,0,0,0)
bar_14_23   dta b(14,20,19,8,39,13,57,7,8,24,22,14,10,0,0,0)
bar_14_24   dta b(15,20,19,8,40,14,58,7,8,24,22,14,13,9,0,0)
bar_14_25   dta b(0,21,19,8,41,49,5,52,8,24,22,14,13,10,13,0)
bar_14_26   dta b(0,22,19,8,14,50,6,53,58,24,22,14,13,13,14,0)
bar_14_27   dta b(0,23,33,8,14,17,59,5,59,24,22,14,13,13,15,5)
bar_14_28   dta b(0,0,21,8,14,17,60,54,60,60,22,14,13,13,19,6)
bar_14_29   dta b(0,0,22,25,14,17,12,55,6,22,22,14,13,13,19,7)
bar_14_30   dta b(0,0,0,36,14,17,12,56,61,61,50,14,13,13,19,1)
bar_15_0   dta b(0,0,0,0,0,0,0,0,62,1,44,36,0,0,0,0)
bar_15_1   dta b(0,0,0,0,0,0,0,0,63,62,45,37,0,0,0,0)
bar_15_2   dta b(0,0,0,0,0,0,0,0,0,63,3,38,0,0,0,0)
bar_15_3   dta b(0,0,0,0,0,0,0,0,0,64,4,39,0,0,0,0)
bar_15_4   dta b(0,0,0,0,0,0,0,0,0,65,4,40,0,0,0,0)
bar_15_5   dta b(0,0,0,0,0,0,0,0,0,65,46,41,0,0,0,0)
bar_15_6   dta b(0,0,0,0,0,0,0,0,0,66,47,42,0,0,0,0)
bar_15_7   dta b(0,0,0,0,0,0,0,0,0,67,51,0,0,0,0,0)
bar_15_8   dta b(0,0,0,0,0,0,0,0,64,68,52,0,0,0,0,0)
bar_15_9   dta b(0,0,0,0,0,0,0,0,65,69,0,0,0,0,0,0)
bar_15_10   dta b(0,0,0,0,0,0,0,57,66,70,0,0,0,0,0,0)
bar_15_11   dta b(0,0,0,0,0,0,0,58,67,0,0,0,0,0,0,0)
bar_15_12   dta b(0,0,0,0,0,0,61,59,20,0,0,0,0,0,0,0)
bar_15_13   dta b(0,0,0,0,0,0,62,60,0,0,0,0,0,0,0,0)
bar_15_14   dta b(0,0,0,0,0,51,63,19,0,0,0,0,0,0,0,0)
bar_15_15   dta b(0,0,0,0,42,52,64,0,0,0,0,0,0,0,0,0)
bar_15_16   dta b(0,0,0,0,43,43,65,0,0,0,0,0,0,0,0,0)
bar_15_17   dta b(0,0,0,0,44,44,66,0,0,0,0,0,0,0,0,0)
bar_15_18   dta b(0,0,0,41,8,45,0,0,0,0,0,0,0,0,0,0)
bar_15_19   dta b(0,0,0,42,9,45,0,0,0,0,0,0,0,0,0,0)
bar_15_20   dta b(0,0,0,42,9,46,67,0,0,0,0,0,0,0,0,0)
bar_15_21   dta b(0,0,0,43,10,47,16,0,0,0,0,0,0,0,0,0)
bar_15_22   dta b(0,0,0,44,45,48,68,0,0,0,0,0,0,0,0,0)
bar_15_23   dta b(0,0,0,0,2,13,57,61,0,0,0,0,0,0,0,0)
bar_15_24   dta b(0,0,0,0,46,14,58,62,0,0,0,0,0,0,0,0)
bar_15_25   dta b(0,0,0,0,47,53,5,52,13,0,0,0,0,0,0,0)
bar_15_26   dta b(0,0,0,0,0,54,6,53,68,71,0,0,0,0,0,0)
bar_15_27   dta b(0,0,0,0,0,0,69,5,59,50,0,0,0,0,0,0)
bar_15_28   dta b(0,0,0,0,0,0,70,63,60,60,53,0,0,0,0,0)
bar_15_29   dta b(0,0,0,0,0,0,0,64,6,22,18,0,0,0,0,0)
bar_15_30   dta b(0,0,0,0,0,0,0,65,69,61,50,43,0,0,0,0)
bar_16_0   dta b(0,0,0,0,31,17,12,7,8,24,22,14,13,13,19,1)
bar_16_1   dta b(0,0,0,0,26,17,12,7,8,24,22,14,13,13,19,2)
bar_16_2   dta b(0,0,0,0,0,35,12,7,8,24,22,14,13,13,19,3)
bar_16_3   dta b(0,0,0,0,0,36,12,7,8,24,22,14,13,13,19,4)
bar_16_4   dta b(0,0,0,0,0,0,44,7,8,24,22,14,13,13,20,0)
bar_16_5   dta b(0,0,0,0,0,0,45,7,8,24,22,14,13,13,12,0)
bar_16_6   dta b(0,0,0,0,0,0,46,7,8,24,22,14,13,14,0,0)
bar_16_7   dta b(0,0,0,0,0,0,46,7,8,24,22,14,14,8,0,0)
bar_16_8   dta b(0,0,0,0,0,0,47,7,8,24,22,14,15,0,0,0)
bar_16_9   dta b(0,0,0,0,0,0,48,7,8,24,22,15,8,0,0,0)
bar_16_10   dta b(0,0,0,0,0,37,49,7,8,24,22,8,0,0,0,0)
bar_16_11   dta b(0,0,0,0,0,38,12,7,8,24,23,9,0,0,0,0)
bar_16_12   dta b(0,0,0,0,0,39,12,7,8,24,14,0,0,0,0,0)
bar_16_13   dta b(0,0,0,0,32,17,12,7,8,24,15,0,0,0,0,0)
bar_16_14   dta b(0,0,0,32,33,17,12,7,8,25,0,0,0,0,0,0)
bar_16_15   dta b(0,0,0,33,14,17,12,7,8,19,0,0,0,0,0,0)
bar_16_16   dta b(0,0,31,8,14,17,12,7,8,19,0,0,0,0,0,0)
bar_16_17   dta b(0,0,32,8,14,17,12,7,8,26,16,0,0,0,0,0)
bar_16_18   dta b(0,17,19,8,14,17,12,7,8,24,17,0,0,0,0,0)
bar_16_19   dta b(0,18,19,8,14,17,12,7,8,24,18,0,0,0,0,0)
bar_16_20   dta b(12,19,19,8,14,17,12,7,8,24,24,10,0,0,0,0)
bar_16_21   dta b(13,20,19,8,14,17,12,7,8,24,22,11,0,0,0,0)
bar_16_22   dta b(14,20,19,8,14,17,12,7,8,24,22,14,9,0,0,0)
bar_16_23   dta b(14,20,19,8,14,17,12,7,8,24,22,14,10,0,0,0)
bar_16_24   dta b(15,20,19,8,14,17,12,7,8,24,22,14,13,9,0,0)
bar_16_25   dta b(0,21,19,8,14,17,12,7,8,24,22,14,13,10,13,0)
bar_16_26   dta b(0,22,19,8,14,17,12,7,8,24,22,14,13,13,14,0)
bar_16_27   dta b(0,23,33,8,14,17,12,7,8,24,22,14,13,13,15,5)
bar_16_28   dta b(0,0,21,8,14,17,12,7,8,24,22,14,13,13,19,6)
bar_16_29   dta b(0,0,22,25,14,17,12,7,8,24,22,14,13,13,19,7)
bar_16_30   dta b(0,0,0,36,14,17,12,7,8,24,22,14,13,13,19,1)
bar_17_0   dta b(0,0,0,1,1,1,7,15,0,72,1,1,1,1,8,1)
bar_17_1   dta b(0,0,0,2,1,1,8,16,12,73,54,1,1,1,8,2)
bar_17_2   dta b(0,0,0,0,2,1,1,9,13,0,55,1,1,1,9,3)
bar_17_3   dta b(0,0,0,0,3,1,1,10,14,0,56,1,1,1,10,4)
bar_17_4   dta b(0,0,0,0,0,2,1,11,15,0,56,1,1,1,11,0)
bar_17_5   dta b(0,0,0,0,0,3,1,1,16,0,57,1,1,6,12,0)
bar_17_6   dta b(0,0,0,0,0,4,1,1,17,0,58,1,1,7,0,0)
bar_17_7   dta b(0,0,0,0,0,5,1,1,18,74,1,1,6,8,0,0)
bar_17_8   dta b(0,0,0,0,0,5,1,12,19,75,1,6,7,0,0,0)
bar_17_9   dta b(0,0,0,0,0,6,1,17,70,37,1,7,8,0,0,0)
bar_17_10   dta b(0,0,0,0,0,7,9,18,34,7,12,8,0,0,0,0)
bar_17_11   dta b(0,0,0,0,0,8,14,66,4,7,13,9,0,0,0,0)
bar_17_12   dta b(0,0,0,0,4,15,15,67,4,16,14,0,0,0,0,0)
bar_17_13   dta b(0,0,0,0,5,20,71,4,4,17,15,0,0,0,0,0)
bar_17_14   dta b(0,0,0,3,12,55,72,4,4,18,0,0,0,0,0,0)
bar_17_15   dta b(0,0,1,4,17,56,4,4,4,19,0,0,0,0,0,0)
bar_17_16   dta b(0,0,2,6,48,57,4,4,4,19,0,0,0,0,0,0)
bar_17_17   dta b(0,1,3,12,49,12,4,4,4,20,16,0,0,0,0,0)
bar_17_18   dta b(0,2,6,13,50,12,4,4,4,21,17,0,0,0,0,0)
bar_17_19   dta b(1,3,7,14,51,12,4,4,4,22,18,0,0,0,0,0)
bar_17_20   dta b(2,3,8,0,51,12,4,4,4,23,19,10,0,0,0,0)
bar_17_21   dta b(3,3,9,0,52,12,4,4,4,7,20,11,0,0,0,0)
bar_17_22   dta b(4,3,10,15,53,12,4,4,4,7,21,12,9,0,0,0)
bar_17_23   dta b(4,3,11,16,0,58,4,4,4,7,1,13,10,0,0,0)
bar_17_24   dta b(4,3,12,17,0,59,4,4,4,7,1,1,11,9,0,0)
bar_17_25   dta b(5,3,13,18,19,0,73,4,4,7,1,1,12,10,13,0)
bar_17_26   dta b(6,3,3,10,20,0,74,4,4,7,1,1,1,11,14,0)
bar_17_27   dta b(7,4,3,11,15,22,0,36,4,7,1,1,1,12,15,5)
bar_17_28   dta b(0,5,3,5,16,23,0,68,71,7,1,1,1,1,16,6)
bar_17_29   dta b(0,6,4,5,1,18,16,0,72,7,1,1,1,1,17,7)
bar_17_30   dta b(0,0,5,5,1,19,17,20,73,76,1,1,1,1,18,1)
bar_18_0   dta b(0,0,0,1,1,1,7,15,0,72,1,1,1,1,24,1)
bar_18_1   dta b(0,0,0,2,1,1,8,16,12,73,54,1,1,1,24,2)
bar_18_2   dta b(0,0,0,0,2,1,1,9,13,0,55,1,1,1,25,3)
bar_18_3   dta b(0,0,0,0,3,1,1,10,14,0,56,1,1,19,19,4)
bar_18_4   dta b(0,0,0,0,0,2,1,11,15,0,56,1,1,20,20,0)
bar_18_5   dta b(0,0,0,0,0,3,1,1,16,0,57,1,1,21,12,0)
bar_18_6   dta b(0,0,0,0,0,4,1,1,17,0,58,1,33,14,0,0)
bar_18_7   dta b(0,0,0,0,0,5,1,1,18,74,1,1,34,8,0,0)
bar_18_8   dta b(0,0,0,0,0,5,1,12,19,75,1,28,15,0,0,0)
bar_18_9   dta b(0,0,0,0,0,6,1,17,70,37,36,29,8,0,0,0)
bar_18_10   dta b(0,0,0,0,0,7,9,18,34,7,37,8,0,0,0,0)
bar_18_11   dta b(0,0,0,0,0,8,14,66,4,16,23,9,0,0,0,0)
bar_18_12   dta b(0,0,0,0,4,15,15,67,4,41,14,0,0,0,0,0)
bar_18_13   dta b(0,0,0,0,5,20,71,4,38,42,15,0,0,0,0,0)
bar_18_14   dta b(0,0,0,3,12,55,72,4,39,25,0,0,0,0,0,0)
bar_18_15   dta b(0,0,1,4,17,56,4,4,40,19,0,0,0,0,0,0)
bar_18_16   dta b(0,0,2,6,48,57,4,4,41,19,0,0,0,0,0,0)
bar_18_17   dta b(0,1,3,12,49,12,4,4,41,26,16,0,0,0,0,0)
bar_18_18   dta b(0,2,6,13,50,12,4,4,42,24,17,0,0,0,0,0)
bar_18_19   dta b(1,3,7,14,51,12,4,4,43,24,18,0,0,0,0,0)
bar_18_20   dta b(2,3,8,0,51,12,4,4,44,43,24,10,0,0,0,0)
bar_18_21   dta b(3,3,9,0,52,12,4,4,4,44,22,11,0,0,0,0)
bar_18_22   dta b(4,3,10,15,53,12,4,4,4,23,38,14,9,0,0,0)
bar_18_23   dta b(4,3,11,16,0,58,4,4,4,7,20,14,10,0,0,0)
bar_18_24   dta b(4,3,12,17,0,59,4,4,4,7,39,30,13,9,0,0)
bar_18_25   dta b(5,3,13,18,19,0,73,4,4,7,1,31,13,10,13,0)
bar_18_26   dta b(6,3,3,10,20,0,74,4,4,7,1,1,35,13,14,0)
bar_18_27   dta b(7,4,3,11,15,22,0,36,4,7,1,1,12,13,15,5)
bar_18_28   dta b(0,5,3,5,16,23,0,68,71,7,1,1,1,11,19,6)
bar_18_29   dta b(0,6,4,5,1,18,16,0,72,7,1,1,1,22,19,7)
bar_18_30   dta b(0,0,5,5,1,19,17,20,73,76,1,1,1,23,26,1)
bar_19_0   dta b(0,0,0,0,31,17,12,15,0,0,59,14,13,13,27,0)
bar_19_1   dta b(0,0,0,0,26,17,12,45,12,0,60,14,13,13,27,0)
bar_19_2   dta b(0,0,0,0,0,35,12,7,13,0,0,44,13,13,28,0)
bar_19_3   dta b(0,0,0,0,0,36,12,7,14,0,0,45,13,13,29,0)
bar_19_4   dta b(0,0,0,0,0,0,44,7,48,0,0,45,13,13,30,0)
bar_19_5   dta b(0,0,0,0,0,0,45,7,49,0,61,46,13,14,0,0)
bar_19_6   dta b(0,0,0,0,0,0,46,7,50,0,62,14,13,24,0,0)
bar_19_7   dta b(0,0,0,0,0,0,46,7,51,0,63,14,15,0,0,0)
bar_19_8   dta b(0,0,0,0,0,0,47,7,19,77,64,15,8,0,0,0)
bar_19_9   dta b(0,0,0,0,0,0,48,46,20,78,22,8,0,0,0,0)
bar_19_10   dta b(0,0,0,0,0,37,49,47,74,24,40,0,0,0,0,0)
bar_19_11   dta b(0,0,0,0,0,38,50,19,75,24,41,0,0,0,0,0)
bar_19_12   dta b(0,0,0,0,0,39,51,69,8,45,0,0,0,0,0,0)
bar_19_13   dta b(0,0,0,0,32,40,75,70,8,46,0,0,0,0,0,0)
bar_19_14   dta b(0,0,0,32,33,21,28,7,8,47,0,0,0,0,0,0)
bar_19_15   dta b(0,0,0,33,34,37,49,7,8,0,0,0,0,0,0,0)
bar_19_16   dta b(0,0,31,8,18,60,12,7,8,0,0,0,0,0,0,0)
bar_19_17   dta b(0,0,32,34,0,61,12,7,8,48,0,0,0,0,0,0)
bar_19_18   dta b(0,17,19,13,0,62,12,7,8,49,0,0,0,0,0,0)
bar_19_19   dta b(0,18,19,14,0,62,12,7,8,50,0,0,0,0,0,0)
bar_19_20   dta b(12,19,19,0,0,63,12,7,8,51,16,0,0,0,0,0)
bar_19_21   dta b(13,20,19,0,0,64,12,7,8,24,42,0,0,0,0,0)
bar_19_22   dta b(14,20,19,15,0,36,12,7,8,24,43,32,0,0,0,0)
bar_19_23   dta b(14,20,19,16,0,0,76,7,8,24,22,11,0,0,0,0)
bar_19_24   dta b(15,20,19,17,0,0,77,7,8,24,22,14,9,0,0,0)
bar_19_25   dta b(0,21,19,35,19,0,0,71,8,24,22,14,10,0,0,0)
bar_19_26   dta b(0,22,19,8,20,0,0,72,76,24,22,14,13,25,0,0)
bar_19_27   dta b(0,23,33,8,14,22,0,0,77,24,22,14,13,26,0,0)
bar_19_28   dta b(0,0,21,8,14,23,0,0,78,79,22,14,13,13,31,0)
bar_19_29   dta b(0,0,22,25,14,17,16,0,0,80,22,14,13,13,32,0)
bar_19_30   dta b(0,0,0,36,14,17,52,20,0,81,65,14,13,13,33,0)
bar_20_0   dta b(0,0,0,0,2,1,1,1,1,1,1,1,1,1,1,0)
bar_20_1   dta b(0,0,0,0,3,1,1,1,1,2,2,1,1,1,1,0)
bar_20_2   dta b(0,0,0,0,0,2,1,1,1,3,3,1,1,1,2,0)
bar_20_3   dta b(0,0,0,0,0,24,1,1,1,3,4,1,1,1,3,0)
bar_20_4   dta b(0,0,0,0,0,0,18,1,1,3,4,1,1,1,4,0)
bar_20_5   dta b(0,0,0,0,0,0,19,1,1,3,5,1,1,2,0,0)
bar_20_6   dta b(0,0,0,0,0,0,20,1,1,3,6,1,1,3,0,0)
bar_20_7   dta b(0,0,0,0,0,0,20,1,1,4,1,1,2,0,0,0)
bar_20_8   dta b(0,0,0,0,0,0,21,1,1,5,1,2,3,0,0,0)
bar_20_9   dta b(0,0,0,0,0,0,22,1,2,6,1,3,0,0,0,0)
bar_20_10   dta b(0,0,0,0,0,25,23,1,3,7,7,0,0,0,0,0)
bar_20_11   dta b(0,0,0,0,0,26,1,2,4,7,8,0,0,0,0,0)
bar_20_12   dta b(0,0,0,0,0,8,1,3,4,8,0,0,0,0,0,0)
bar_20_13   dta b(0,0,0,0,21,1,2,4,4,9,0,0,0,0,0,0)
bar_20_14   dta b(0,0,0,19,22,9,3,4,4,10,0,0,0,0,0,0)
bar_20_15   dta b(0,0,0,20,1,10,4,4,4,0,0,0,0,0,0,0)
bar_20_16   dta b(0,0,14,5,6,11,4,4,4,0,0,0,0,0,0,0)
bar_20_17   dta b(0,0,2,5,7,12,4,4,4,11,0,0,0,0,0,0)
bar_20_18   dta b(0,1,3,5,8,12,4,4,4,12,0,0,0,0,0,0)
bar_20_19   dta b(0,2,3,5,9,12,4,4,4,13,0,0,0,0,0,0)
bar_20_20   dta b(8,7,3,5,9,12,4,4,4,14,9,0,0,0,0,0)
bar_20_21   dta b(9,3,3,5,10,12,4,4,4,7,10,0,0,0,0,0)
bar_20_22   dta b(10,3,3,5,11,12,4,4,4,7,11,4,0,0,0,0)
bar_20_23   dta b(10,3,3,5,1,13,4,4,4,7,1,5,0,0,0,0)
bar_20_24   dta b(11,3,3,5,1,14,4,4,4,7,1,1,4,0,0,0)
bar_20_25   dta b(0,8,3,5,1,1,5,4,4,7,1,1,5,0,0,0)
bar_20_26   dta b(0,9,3,5,1,1,6,4,4,7,1,1,1,4,0,0)
bar_20_27   dta b(0,10,15,5,1,1,1,5,4,7,1,1,1,5,0,0)
bar_20_28   dta b(0,0,5,5,1,1,1,6,5,7,1,1,1,1,5,0)
bar_20_29   dta b(0,0,16,21,1,1,1,1,6,7,1,1,1,1,6,0)
bar_20_30   dta b(0,0,0,22,1,1,1,1,7,15,1,1,1,1,7,0)
bar_21_0   dta b(0,0,0,1,1,1,7,7,52,1,44,14,13,13,19,1)
bar_21_1   dta b(0,0,0,2,1,1,8,8,53,52,45,14,13,13,19,2)
bar_21_2   dta b(0,0,0,0,2,1,1,9,8,53,3,33,13,13,19,3)
bar_21_3   dta b(0,0,0,0,3,1,1,10,8,54,4,34,13,13,19,4)
bar_21_4   dta b(0,0,0,0,0,2,1,11,9,55,4,34,13,13,20,0)
bar_21_5   dta b(0,0,0,0,0,3,1,1,10,55,46,35,13,13,12,0)
bar_21_6   dta b(0,0,0,0,0,4,1,1,10,56,47,14,13,14,0,0)
bar_21_7   dta b(0,0,0,0,0,5,1,1,11,57,48,14,14,8,0,0)
bar_21_8   dta b(0,0,0,0,0,5,1,12,54,58,49,14,15,0,0,0)
bar_21_9   dta b(0,0,0,0,0,6,1,13,55,59,22,15,8,0,0,0)
bar_21_10   dta b(0,0,0,0,0,7,9,73,56,24,22,8,0,0,0,0)
bar_21_11   dta b(0,0,0,0,0,8,10,49,57,24,23,9,0,0,0,0)
bar_21_12   dta b(0,0,0,0,4,15,78,50,8,24,14,0,0,0,0,0)
bar_21_13   dta b(0,0,0,0,5,16,54,51,8,24,15,0,0,0,0,0)
bar_21_14   dta b(0,0,0,3,12,41,55,7,8,25,0,0,0,0,0,0)
bar_21_15   dta b(0,0,1,4,54,42,56,7,8,19,0,0,0,0,0,0)
bar_21_16   dta b(0,0,2,6,36,43,12,7,8,19,0,0,0,0,0,0)
bar_21_17   dta b(0,1,3,7,37,44,12,7,8,26,16,0,0,0,0,0)
bar_21_18   dta b(0,2,6,37,8,45,12,7,8,24,17,0,0,0,0,0)
bar_21_19   dta b(1,3,7,38,9,45,12,7,8,24,18,0,0,0,0,0)
bar_21_20   dta b(2,3,8,38,9,46,12,7,8,24,24,10,0,0,0,0)
bar_21_21   dta b(3,3,9,39,10,47,12,7,8,24,22,11,0,0,0,0)
bar_21_22   dta b(4,3,10,40,38,48,12,7,8,24,22,14,9,0,0,0)
bar_21_23   dta b(4,3,11,8,39,13,57,7,8,24,22,14,10,0,0,0)
bar_21_24   dta b(4,3,12,8,40,14,58,7,8,24,22,14,13,9,0,0)
bar_21_25   dta b(5,3,13,9,41,49,5,52,8,24,22,14,13,10,13,0)
bar_21_26   dta b(6,3,3,10,14,50,6,53,58,24,22,14,13,13,14,0)
bar_21_27   dta b(7,4,3,11,15,17,59,5,59,24,22,14,13,13,15,5)
bar_21_28   dta b(0,5,3,5,16,17,60,54,60,60,22,14,13,13,19,6)
bar_21_29   dta b(0,6,4,5,1,18,12,55,6,22,22,14,13,13,19,7)
bar_21_30   dta b(0,0,5,5,1,19,13,56,61,61,50,14,13,13,19,1)
bar_22_0   dta b(0,0,0,1,1,1,7,15,62,1,44,36,0,0,0,0)
bar_22_1   dta b(0,0,0,2,1,1,8,16,79,62,45,37,0,0,0,0)
bar_22_2   dta b(0,0,0,0,2,1,1,9,13,63,3,38,0,0,0,0)
bar_22_3   dta b(0,0,0,0,3,1,1,10,14,64,4,39,0,0,0,0)
bar_22_4   dta b(0,0,0,0,0,2,1,11,15,65,4,40,0,0,0,0)
bar_22_5   dta b(0,0,0,0,0,3,1,1,16,65,46,41,0,0,0,0)
bar_22_6   dta b(0,0,0,0,0,4,1,1,17,66,47,42,0,0,0,0)
bar_22_7   dta b(0,0,0,0,0,5,1,1,18,67,51,0,0,0,0,0)
bar_22_8   dta b(0,0,0,0,0,5,1,12,80,68,52,0,0,0,0,0)
bar_22_9   dta b(0,0,0,0,0,6,1,17,81,69,0,0,0,0,0,0)
bar_22_10   dta b(0,0,0,0,0,7,9,74,66,70,0,0,0,0,0,0)
bar_22_11   dta b(0,0,0,0,0,8,14,75,67,0,0,0,0,0,0,0)
bar_22_12   dta b(0,0,0,0,4,15,79,59,20,0,0,0,0,0,0,0)
bar_22_13   dta b(0,0,0,0,5,20,62,60,0,0,0,0,0,0,0,0)
bar_22_14   dta b(0,0,0,3,12,65,63,19,0,0,0,0,0,0,0,0)
bar_22_15   dta b(0,0,1,4,55,52,64,0,0,0,0,0,0,0,0,0)
bar_22_16   dta b(0,0,2,6,56,43,65,0,0,0,0,0,0,0,0,0)
bar_22_17   dta b(0,1,3,12,44,44,66,0,0,0,0,0,0,0,0,0)
bar_22_18   dta b(0,2,6,45,8,45,0,0,0,0,0,0,0,0,0,0)
bar_22_19   dta b(1,3,7,46,9,45,0,0,0,0,0,0,0,0,0,0)
bar_22_20   dta b(2,3,8,42,9,46,67,0,0,0,0,0,0,0,0,0)
bar_22_21   dta b(3,3,9,43,10,47,16,0,0,0,0,0,0,0,0,0)
bar_22_22   dta b(4,3,10,47,45,48,68,0,0,0,0,0,0,0,0,0)
bar_22_23   dta b(4,3,11,16,2,13,57,61,0,0,0,0,0,0,0,0)
bar_22_24   dta b(4,3,12,17,46,14,58,62,0,0,0,0,0,0,0,0)
bar_22_25   dta b(5,3,13,18,57,53,5,52,13,0,0,0,0,0,0,0)
bar_22_26   dta b(6,3,3,10,20,54,6,53,68,71,0,0,0,0,0,0)
bar_22_27   dta b(7,4,3,11,15,22,69,5,59,50,0,0,0,0,0,0)
bar_22_28   dta b(0,5,3,5,16,23,70,63,60,60,53,0,0,0,0,0)
bar_22_29   dta b(0,6,4,5,1,18,16,64,6,22,18,0,0,0,0,0)
bar_22_30   dta b(0,0,5,5,1,19,17,76,69,61,50,43,0,0,0,0)
bar_23_0   dta b(0,0,0,1,1,1,1,1,1,1,44,36,0,0,0,0)
bar_23_1   dta b(0,0,0,2,1,1,1,1,1,2,45,37,0,0,0,0)
bar_23_2   dta b(0,0,0,0,2,1,1,1,1,3,3,38,0,0,0,0)
bar_23_3   dta b(0,0,0,0,3,1,1,1,1,3,4,39,0,0,0,0)
bar_23_4   dta b(0,0,0,0,0,2,1,1,1,3,4,40,0,0,0,0)
bar_23_5   dta b(0,0,0,0,0,3,1,1,1,3,46,41,0,0,0,0)
bar_23_6   dta b(0,0,0,0,0,4,1,1,1,3,47,42,0,0,0,0)
bar_23_7   dta b(0,0,0,0,0,5,1,1,1,4,51,0,0,0,0,0)
bar_23_8   dta b(0,0,0,0,0,5,1,1,1,82,52,0,0,0,0,0)
bar_23_9   dta b(0,0,0,0,0,6,1,1,2,69,0,0,0,0,0,0)
bar_23_10   dta b(0,0,0,0,0,7,1,1,82,70,0,0,0,0,0,0)
bar_23_11   dta b(0,0,0,0,0,8,1,2,67,0,0,0,0,0,0,0)
bar_23_12   dta b(0,0,0,0,4,1,1,59,20,0,0,0,0,0,0,0)
bar_23_13   dta b(0,0,0,0,5,1,80,60,0,0,0,0,0,0,0,0)
bar_23_14   dta b(0,0,0,3,1,9,63,19,0,0,0,0,0,0,0,0)
bar_23_15   dta b(0,0,1,4,1,66,64,0,0,0,0,0,0,0,0,0)
bar_23_16   dta b(0,0,2,5,6,43,65,0,0,0,0,0,0,0,0,0)
bar_23_17   dta b(0,1,3,5,7,44,66,0,0,0,0,0,0,0,0,0)
bar_23_18   dta b(0,2,3,5,8,45,0,0,0,0,0,0,0,0,0,0)
bar_23_19   dta b(1,3,3,5,9,45,0,0,0,0,0,0,0,0,0,0)
bar_23_20   dta b(2,3,3,5,9,46,67,0,0,0,0,0,0,0,0,0)
bar_23_21   dta b(3,3,3,5,10,47,16,0,0,0,0,0,0,0,0,0)
bar_23_22   dta b(4,3,3,5,11,48,68,0,0,0,0,0,0,0,0,0)
bar_23_23   dta b(4,3,3,5,1,13,57,61,0,0,0,0,0,0,0,0)
bar_23_24   dta b(4,3,3,5,1,14,58,62,0,0,0,0,0,0,0,0)
bar_23_25   dta b(5,3,3,5,1,1,5,52,13,0,0,0,0,0,0,0)
bar_23_26   dta b(6,3,3,5,1,1,6,53,68,71,0,0,0,0,0,0)
bar_23_27   dta b(7,4,3,5,1,1,1,5,59,50,0,0,0,0,0,0)
bar_23_28   dta b(0,5,3,5,1,1,1,6,60,60,53,0,0,0,0,0)
bar_23_29   dta b(0,6,4,5,1,1,1,1,6,22,18,0,0,0,0,0)
bar_23_30   dta b(0,0,5,5,1,1,1,1,7,61,50,43,0,0,0,0)
bar_24_0   dta b(0,0,0,0,2,1,1,1,1,83,22,36,0,0,0,0)
bar_24_1   dta b(0,0,0,0,3,1,1,1,1,84,66,37,0,0,0,0)
bar_24_2   dta b(0,0,0,0,0,2,1,1,1,3,67,47,0,0,0,0)
bar_24_3   dta b(0,0,0,0,0,24,1,1,1,3,68,47,0,0,0,0)
bar_24_4   dta b(0,0,0,0,0,0,18,1,1,3,68,48,0,0,0,0)
bar_24_5   dta b(0,0,0,0,0,0,19,1,1,3,69,49,0,0,0,0)
bar_24_6   dta b(0,0,0,0,0,0,20,1,1,3,70,42,0,0,0,0)
bar_24_7   dta b(0,0,0,0,0,0,20,1,1,85,40,0,0,0,0,0)
bar_24_8   dta b(0,0,0,0,0,0,21,1,1,86,41,0,0,0,0,0)
bar_24_9   dta b(0,0,0,0,0,0,22,1,83,87,0,0,0,0,0,0)
bar_24_10   dta b(0,0,0,0,0,25,23,1,84,70,0,0,0,0,0,0)
bar_24_11   dta b(0,0,0,0,0,26,1,12,85,0,0,0,0,0,0,0)
bar_24_12   dta b(0,0,0,0,0,8,1,77,20,0,0,0,0,0,0,0)
bar_24_13   dta b(0,0,0,0,21,1,10,78,0,0,0,0,0,0,0,0)
bar_24_14   dta b(0,0,0,19,22,67,81,19,0,0,0,0,0,0,0,0)
bar_24_15   dta b(0,0,0,20,1,68,82,0,0,0,0,0,0,0,0,0)
bar_24_16   dta b(0,0,14,5,58,69,65,0,0,0,0,0,0,0,0,0)
bar_24_17   dta b(0,0,2,5,59,17,66,0,0,0,0,0,0,0,0,0)
bar_24_18   dta b(0,1,3,5,60,17,0,0,0,0,0,0,0,0,0,0)
bar_24_19   dta b(0,2,3,5,61,17,0,0,0,0,0,0,0,0,0,0)
bar_24_20   dta b(8,7,3,5,61,17,67,0,0,0,0,0,0,0,0,0)
bar_24_21   dta b(9,3,3,5,62,17,16,0,0,0,0,0,0,0,0,0)
bar_24_22   dta b(10,3,3,5,63,17,68,0,0,0,0,0,0,0,0,0)
bar_24_23   dta b(10,3,3,5,1,70,12,61,0,0,0,0,0,0,0,0)
bar_24_24   dta b(11,3,3,5,1,71,12,62,0,0,0,0,0,0,0,0)
bar_24_25   dta b(0,8,3,5,1,1,83,7,13,0,0,0,0,0,0,0)
bar_24_26   dta b(0,9,3,5,1,1,84,7,86,71,0,0,0,0,0,0)
bar_24_27   dta b(0,10,15,5,1,1,1,9,8,50,0,0,0,0,0,0)
bar_24_28   dta b(0,0,5,5,1,1,1,79,9,24,53,0,0,0,0,0)
bar_24_29   dta b(0,0,16,21,1,1,1,1,87,24,18,0,0,0,0,0)
bar_24_30   dta b(0,0,0,22,1,1,1,1,88,88,22,43,0,0,0,0)
bar_25_0   dta b(0,0,0,0,0,27,12,7,8,24,71,0,0,0,0,0)
bar_25_1   dta b(0,0,0,0,0,28,24,7,8,24,72,0,0,0,0,0)
bar_25_2   dta b(0,0,0,0,0,0,25,7,8,24,22,50,0,0,0,0)
bar_25_3   dta b(0,0,0,0,0,0,26,7,8,24,22,51,0,0,0,0)
bar_25_4   dta b(0,0,0,0,0,0,0,21,8,24,22,51,0,0,0,0)
bar_25_5   dta b(0,0,0,0,0,0,0,22,8,24,73,9,0,0,0,0)
bar_25_6   dta b(0,0,0,0,0,0,0,23,8,24,74,0,0,0,0,0)
bar_25_7   dta b(0,0,0,0,0,0,0,23,8,24,41,0,0,0,0,0)
bar_25_8   dta b(0,0,0,0,0,0,0,24,8,89,75,0,0,0,0,0)
bar_25_9   dta b(0,0,0,0,0,0,27,25,8,46,0,0,0,0,0,0)
bar_25_10   dta b(0,0,0,0,0,0,28,7,89,0,0,0,0,0,0,0)
bar_25_11   dta b(0,0,0,0,0,0,29,7,90,0,0,0,0,0,0,0)
bar_25_12   dta b(0,0,0,0,0,29,12,47,0,0,0,0,0,0,0,0)
bar_25_13   dta b(0,0,0,0,23,30,85,80,0,0,0,0,0,0,0,0)
bar_25_14   dta b(0,0,0,0,24,17,82,0,0,0,0,0,0,0,0,0)
bar_25_15   dta b(0,0,0,23,14,72,86,0,0,0,0,0,0,0,0,0)
bar_25_16   dta b(0,0,0,24,14,73,0,0,0,0,0,0,0,0,0,0)
bar_25_17   dta b(0,0,17,8,14,74,0,0,0,0,0,0,0,0,0,0)
bar_25_18   dta b(0,0,18,8,14,75,0,0,0,0,0,0,0,0,0,0)
bar_25_19   dta b(0,11,19,8,14,75,0,0,0,0,0,0,0,0,0,0)
bar_25_20   dta b(0,12,19,8,14,76,0,0,0,0,0,0,0,0,0,0)
bar_25_21   dta b(0,13,19,8,14,77,0,0,0,0,0,0,0,0,0,0)
bar_25_22   dta b(0,13,19,8,14,23,0,0,0,0,0,0,0,0,0,0)
bar_25_23   dta b(0,14,19,8,14,17,87,0,0,0,0,0,0,0,0,0)
bar_25_24   dta b(0,15,19,8,14,17,88,0,0,0,0,0,0,0,0,0)
bar_25_25   dta b(0,16,20,8,14,17,12,81,0,0,0,0,0,0,0,0)
bar_25_26   dta b(0,0,21,8,14,17,12,45,12,0,0,0,0,0,0,0)
bar_25_27   dta b(0,0,22,25,14,17,12,7,91,0,0,0,0,0,0,0)
bar_25_28   dta b(0,0,0,26,14,17,12,7,86,71,0,0,0,0,0,0)
bar_25_29   dta b(0,0,0,0,25,17,12,7,8,50,0,0,0,0,0,0)
bar_25_30   dta b(0,0,0,0,26,17,12,7,8,26,76,0,0,0,0,0)
bar_26_0   dta b(0,0,0,1,1,1,7,7,52,1,44,14,19,1,8,1)
bar_26_1   dta b(0,0,0,2,1,1,8,8,53,52,45,14,20,1,8,2)
bar_26_2   dta b(0,0,0,0,2,1,1,9,8,53,3,33,21,1,9,3)
bar_26_3   dta b(0,0,0,0,3,1,1,10,8,54,4,34,22,1,10,4)
bar_26_4   dta b(0,0,0,0,0,2,1,11,9,55,4,34,23,1,11,0)
bar_26_5   dta b(0,0,0,0,0,3,1,1,10,55,46,35,24,6,12,0)
bar_26_6   dta b(0,0,0,0,0,4,1,1,10,56,47,20,1,7,0,0)
bar_26_7   dta b(0,0,0,0,0,5,1,1,11,57,48,21,6,8,0,0)
bar_26_8   dta b(0,0,0,0,0,5,1,12,54,58,77,6,7,0,0,0)
bar_26_9   dta b(0,0,0,0,0,6,1,13,55,59,29,7,8,0,0,0)
bar_26_10   dta b(0,0,0,0,0,7,9,73,56,31,12,8,0,0,0,0)
bar_26_11   dta b(0,0,0,0,0,8,10,49,92,32,13,9,0,0,0,0)
bar_26_12   dta b(0,0,0,0,4,15,78,50,29,16,14,0,0,0,0,0)
bar_26_13   dta b(0,0,0,0,5,16,54,82,30,17,15,0,0,0,0,0)
bar_26_14   dta b(0,0,0,3,12,41,55,27,4,18,0,0,0,0,0,0)
bar_26_15   dta b(0,0,1,4,54,42,56,28,4,19,0,0,0,0,0,0)
bar_26_16   dta b(0,0,2,6,36,43,30,4,4,19,0,0,0,0,0,0)
bar_26_17   dta b(0,1,3,7,37,44,31,4,4,20,16,0,0,0,0,0)
bar_26_18   dta b(0,2,6,37,8,45,31,4,4,21,17,0,0,0,0,0)
bar_26_19   dta b(1,3,7,38,9,45,32,4,4,22,18,0,0,0,0,0)
bar_26_20   dta b(2,3,8,38,9,46,33,29,4,23,19,10,0,0,0,0)
bar_26_21   dta b(3,3,9,39,10,47,12,30,4,7,20,11,0,0,0,0)
bar_26_22   dta b(4,3,10,40,38,48,12,31,4,7,21,12,9,0,0,0)
bar_26_23   dta b(4,3,11,8,39,13,57,7,31,7,1,13,10,0,0,0)
bar_26_24   dta b(4,3,12,8,40,14,58,7,32,33,1,1,11,9,0,0)
bar_26_25   dta b(5,3,13,9,41,49,5,52,8,34,1,1,12,10,13,0)
bar_26_26   dta b(6,3,3,10,14,50,6,53,58,35,30,1,1,11,14,0)
bar_26_27   dta b(7,4,3,11,15,17,59,5,59,24,31,1,1,12,15,5)
bar_26_28   dta b(0,5,3,5,16,17,60,54,60,60,22,22,1,1,16,6)
bar_26_29   dta b(0,6,4,5,1,18,12,55,6,22,22,23,1,1,17,7)
bar_26_30   dta b(0,0,5,5,1,19,13,56,61,61,50,14,25,1,18,1)
bar_27_0   dta b(0,0,0,1,1,1,7,15,62,1,44,36,26,1,8,1)
bar_27_1   dta b(0,0,0,2,1,1,8,16,79,62,45,37,27,1,8,2)
bar_27_2   dta b(0,0,0,0,2,1,1,9,13,63,3,38,28,1,9,3)
bar_27_3   dta b(0,0,0,0,3,1,1,10,14,64,4,39,29,1,10,4)
bar_27_4   dta b(0,0,0,0,0,2,1,11,15,65,4,40,30,1,11,0)
bar_27_5   dta b(0,0,0,0,0,3,1,1,16,65,46,41,31,6,12,0)
bar_27_6   dta b(0,0,0,0,0,4,1,1,17,66,47,52,1,7,0,0)
bar_27_7   dta b(0,0,0,0,0,5,1,1,18,67,51,25,6,8,0,0)
bar_27_8   dta b(0,0,0,0,0,5,1,12,80,68,78,6,7,0,0,0)
bar_27_9   dta b(0,0,0,0,0,6,1,17,81,69,33,7,8,0,0,0)
bar_27_10   dta b(0,0,0,0,0,7,9,74,66,90,12,8,0,0,0,0)
bar_27_11   dta b(0,0,0,0,0,8,14,75,93,37,13,9,0,0,0,0)
bar_27_12   dta b(0,0,0,0,4,15,79,59,94,16,14,0,0,0,0,0)
bar_27_13   dta b(0,0,0,0,5,20,62,83,35,17,15,0,0,0,0,0)
bar_27_14   dta b(0,0,0,3,12,65,63,84,4,18,0,0,0,0,0,0)
bar_27_15   dta b(0,0,1,4,55,52,64,34,4,19,0,0,0,0,0,0)
bar_27_16   dta b(0,0,2,6,56,43,89,4,4,19,0,0,0,0,0,0)
bar_27_17   dta b(0,1,3,12,44,44,90,4,4,20,16,0,0,0,0,0)
bar_27_18   dta b(0,2,6,45,8,45,35,4,4,21,17,0,0,0,0,0)
bar_27_19   dta b(1,3,7,46,9,45,36,4,4,22,18,0,0,0,0,0)
bar_27_20   dta b(2,3,8,42,9,46,91,35,4,23,19,10,0,0,0,0)
bar_27_21   dta b(3,3,9,43,10,47,16,36,4,7,20,11,0,0,0,0)
bar_27_22   dta b(4,3,10,47,45,48,68,37,4,7,21,12,9,0,0,0)
bar_27_23   dta b(4,3,11,16,2,13,57,61,36,7,1,13,10,0,0,0)
bar_27_24   dta b(4,3,12,17,46,14,58,62,37,38,1,1,11,9,0,0)
bar_27_25   dta b(5,3,13,18,57,53,5,52,13,39,1,1,12,10,13,0)
bar_27_26   dta b(6,3,3,10,20,54,6,53,68,91,34,1,1,11,14,0)
bar_27_27   dta b(7,4,3,11,15,22,69,5,59,50,35,1,1,12,15,5)
bar_27_28   dta b(0,5,3,5,16,23,70,63,60,60,53,26,1,1,16,6)
bar_27_29   dta b(0,6,4,5,1,18,16,64,6,22,18,27,1,1,17,7)
bar_27_30   dta b(0,0,5,5,1,19,17,76,69,61,50,43,32,1,18,1)
bar_28_0   dta b(0,0,0,0,31,17,12,15,0,80,22,36,0,27,19,1)
bar_28_1   dta b(0,0,0,0,26,17,12,45,12,92,79,37,0,28,19,2)
bar_28_2   dta b(0,0,0,0,0,35,12,7,13,0,80,47,0,28,19,3)
bar_28_3   dta b(0,0,0,0,0,36,12,7,14,0,81,47,0,29,19,4)
bar_28_4   dta b(0,0,0,0,0,0,44,7,48,0,81,48,36,30,20,0)
bar_28_5   dta b(0,0,0,0,0,0,45,7,49,0,82,49,37,13,12,0)
bar_28_6   dta b(0,0,0,0,0,0,46,7,50,0,83,42,38,14,0,0)
bar_28_7   dta b(0,0,0,0,0,0,46,7,51,93,40,53,14,8,0,0)
bar_28_8   dta b(0,0,0,0,0,0,47,7,19,78,41,54,15,0,0,0)
bar_28_9   dta b(0,0,0,0,0,0,48,46,95,94,84,15,8,0,0,0)
bar_28_10   dta b(0,0,0,0,0,37,49,47,96,95,64,8,0,0,0,0)
bar_28_11   dta b(0,0,0,0,0,38,50,85,85,78,23,9,0,0,0,0)
bar_28_12   dta b(0,0,0,0,0,39,51,86,95,96,14,0,0,0,0,0)
bar_28_13   dta b(0,0,0,0,32,40,28,78,96,24,15,0,0,0,0,0)
bar_28_14   dta b(0,0,0,32,33,78,92,87,97,25,0,0,0,0,0,0)
bar_28_15   dta b(0,0,0,33,34,29,82,88,8,19,0,0,0,0,0,0)
bar_28_16   dta b(0,0,31,8,64,79,65,89,8,19,0,0,0,0,0,0)
bar_28_17   dta b(0,0,32,34,65,17,66,90,8,26,16,0,0,0,0,0)
bar_28_18   dta b(0,17,19,13,66,17,0,91,8,24,17,0,0,0,0,0)
bar_28_19   dta b(0,18,19,14,67,17,0,92,8,24,18,0,0,0,0,0)
bar_28_20   dta b(12,19,19,0,67,17,67,93,76,24,24,10,0,0,0,0)
bar_28_21   dta b(13,20,19,0,68,17,16,0,98,24,22,11,0,0,0,0)
bar_28_22   dta b(14,20,19,15,69,17,68,0,99,24,22,14,9,0,0,0)
bar_28_23   dta b(14,20,19,16,0,80,12,61,0,97,22,14,10,0,0,0)
bar_28_24   dta b(15,20,19,17,0,81,12,62,0,92,79,14,13,9,0,0)
bar_28_25   dta b(0,21,19,35,19,0,76,7,13,0,59,14,13,10,13,0)
bar_28_26   dta b(0,22,19,8,20,0,26,7,86,71,0,55,13,13,14,0)
bar_28_27   dta b(0,23,33,8,14,22,0,94,8,50,0,56,13,13,15,5)
bar_28_28   dta b(0,0,21,8,14,23,0,72,76,24,53,0,39,13,19,6)
bar_28_29   dta b(0,0,22,25,14,17,16,0,77,24,18,0,40,13,19,7)
bar_28_30   dta b(0,0,0,36,14,17,52,20,78,79,22,43,41,31,19,1)
bar_29_0   dta b(0,0,0,0,2,1,1,1,1,98,0,0,26,1,1,0)
bar_29_1   dta b(0,0,0,0,3,1,1,1,1,99,85,0,27,1,1,0)
bar_29_2   dta b(0,0,0,0,0,2,1,1,1,3,86,0,28,1,2,0)
bar_29_3   dta b(0,0,0,0,0,24,1,1,1,3,87,0,29,1,3,0)
bar_29_4   dta b(0,0,0,0,0,0,18,1,1,3,87,0,30,1,4,0)
bar_29_5   dta b(0,0,0,0,0,0,19,1,1,3,88,0,31,2,0,0)
bar_29_6   dta b(0,0,0,0,0,0,20,1,1,3,89,24,1,3,0,0)
bar_29_7   dta b(0,0,0,0,0,0,20,1,1,100,0,25,2,0,0,0)
bar_29_8   dta b(0,0,0,0,0,0,21,1,1,101,32,2,3,0,0,0)
bar_29_9   dta b(0,0,0,0,0,0,22,1,100,102,33,3,0,0,0,0)
bar_29_10   dta b(0,0,0,0,0,25,23,1,101,36,7,0,0,0,0,0)
bar_29_11   dta b(0,0,0,0,0,26,1,42,33,37,8,0,0,0,0,0)
bar_29_12   dta b(0,0,0,0,0,8,1,95,34,8,0,0,0,0,0,0)
bar_29_13   dta b(0,0,0,0,21,1,41,32,35,9,0,0,0,0,0,0)
bar_29_14   dta b(0,0,0,19,22,82,93,33,4,10,0,0,0,0,0,0)
bar_29_15   dta b(0,0,0,20,1,83,0,34,4,0,0,0,0,0,0,0)
bar_29_16   dta b(0,0,14,5,70,84,34,4,4,0,0,0,0,0,0,0)
bar_29_17   dta b(0,0,2,5,71,0,35,4,4,11,0,0,0,0,0,0)
bar_29_18   dta b(0,1,3,5,72,0,35,4,4,12,0,0,0,0,0,0)
bar_29_19   dta b(0,2,3,5,73,0,36,4,4,13,0,0,0,0,0,0)
bar_29_20   dta b(8,7,3,5,73,0,37,35,4,14,9,0,0,0,0,0)
bar_29_21   dta b(9,3,3,5,74,0,0,36,4,7,10,0,0,0,0,0)
bar_29_22   dta b(10,3,3,5,75,0,0,37,4,7,11,4,0,0,0,0)
bar_29_23   dta b(10,3,3,5,1,85,0,0,36,7,1,5,0,0,0,0)
bar_29_24   dta b(11,3,3,5,1,86,0,0,37,38,1,1,4,0,0,0)
bar_29_25   dta b(0,8,3,5,1,1,94,0,0,39,1,1,5,0,0,0)
bar_29_26   dta b(0,9,3,5,1,1,95,0,0,40,34,1,1,4,0,0)
bar_29_27   dta b(0,10,15,5,1,1,1,39,0,0,35,1,1,5,0,0)
bar_29_28   dta b(0,0,5,5,1,1,1,96,45,0,0,26,1,1,5,0)
bar_29_29   dta b(0,0,16,21,1,1,1,1,102,0,0,27,1,1,6,0)
bar_29_30   dta b(0,0,0,22,1,1,1,1,103,103,0,0,32,1,7,0)
bar_30_0   dta b(0,0,0,1,1,1,1,1,1,1,90,0,26,1,8,1)
bar_30_1   dta b(0,0,0,2,1,1,1,1,1,2,91,0,27,1,8,2)
bar_30_2   dta b(0,0,0,0,2,1,1,1,1,3,3,57,28,1,9,3)
bar_30_3   dta b(0,0,0,0,3,1,1,1,1,3,4,58,29,1,10,4)
bar_30_4   dta b(0,0,0,0,0,2,1,1,1,3,4,58,30,1,11,0)
bar_30_5   dta b(0,0,0,0,0,3,1,1,1,3,92,17,31,6,12,0)
bar_30_6   dta b(0,0,0,0,0,4,1,1,1,3,93,24,1,7,0,0)
bar_30_7   dta b(0,0,0,0,0,5,1,1,1,4,8,25,6,8,0,0)
bar_30_8   dta b(0,0,0,0,0,5,1,1,1,104,94,6,7,0,0,0)
bar_30_9   dta b(0,0,0,0,0,6,1,1,2,105,33,7,8,0,0,0)
bar_30_10   dta b(0,0,0,0,0,7,1,1,104,36,12,8,0,0,0,0)
bar_30_11   dta b(0,0,0,0,0,8,1,2,105,37,13,9,0,0,0,0)
bar_30_12   dta b(0,0,0,0,4,1,1,97,34,16,14,0,0,0,0,0)
bar_30_13   dta b(0,0,0,0,5,1,96,98,35,17,15,0,0,0,0,0)
bar_30_14   dta b(0,0,0,3,1,9,97,33,4,18,0,0,0,0,0,0)
bar_30_15   dta b(0,0,1,4,1,87,98,34,4,19,0,0,0,0,0,0)
bar_30_16   dta b(0,0,2,5,6,88,34,4,4,19,0,0,0,0,0,0)
bar_30_17   dta b(0,1,3,5,7,89,35,4,4,20,16,0,0,0,0,0)
bar_30_18   dta b(0,2,3,5,8,90,35,4,4,21,17,0,0,0,0,0)
bar_30_19   dta b(1,3,3,5,9,90,36,4,4,22,18,0,0,0,0,0)
bar_30_20   dta b(2,3,3,5,9,91,37,35,4,23,19,10,0,0,0,0)
bar_30_21   dta b(3,3,3,5,10,92,0,36,4,7,20,11,0,0,0,0)
bar_30_22   dta b(4,3,3,5,11,93,0,37,4,7,21,12,9,0,0,0)
bar_30_23   dta b(4,3,3,5,1,13,99,0,36,7,1,13,10,0,0,0)
bar_30_24   dta b(4,3,3,5,1,14,100,0,37,38,1,1,11,9,0,0)
bar_30_25   dta b(5,3,3,5,1,1,5,99,0,39,1,1,12,10,13,0)
bar_30_26   dta b(6,3,3,5,1,1,6,100,106,40,34,1,1,11,14,0)
bar_30_27   dta b(7,4,3,5,1,1,1,5,107,0,35,1,1,12,15,5)
bar_30_28   dta b(0,5,3,5,1,1,1,6,108,106,0,26,1,1,16,6)
bar_30_29   dta b(0,6,4,5,1,1,1,1,6,13,0,27,1,1,17,7)
bar_30_30   dta b(0,0,5,5,1,1,1,1,7,107,95,0,32,1,18,1)
bar_31_0   dta b(0,0,0,1,1,1,1,1,1,1,44,36,26,1,8,1)
bar_31_1   dta b(0,0,0,2,1,1,1,1,1,2,45,37,27,1,8,2)
bar_31_2   dta b(0,0,0,0,2,1,1,1,1,3,3,38,28,1,9,3)
bar_31_3   dta b(0,0,0,0,3,1,1,1,1,3,4,39,29,1,10,4)
bar_31_4   dta b(0,0,0,0,0,2,1,1,1,3,4,40,30,1,11,0)
bar_31_5   dta b(0,0,0,0,0,3,1,1,1,3,46,41,31,6,12,0)
bar_31_6   dta b(0,0,0,0,0,4,1,1,1,3,47,52,1,7,0,0)
bar_31_7   dta b(0,0,0,0,0,5,1,1,1,4,51,25,6,8,0,0)
bar_31_8   dta b(0,0,0,0,0,5,1,1,1,82,78,6,7,0,0,0)
bar_31_9   dta b(0,0,0,0,0,6,1,1,2,69,33,7,8,0,0,0)
bar_31_10   dta b(0,0,0,0,0,7,1,1,82,90,12,8,0,0,0,0)
bar_31_11   dta b(0,0,0,0,0,8,1,2,93,37,13,9,0,0,0,0)
bar_31_12   dta b(0,0,0,0,4,1,1,59,94,16,14,0,0,0,0,0)
bar_31_13   dta b(0,0,0,0,5,1,80,83,35,17,15,0,0,0,0,0)
bar_31_14   dta b(0,0,0,3,1,9,63,84,4,18,0,0,0,0,0,0)
bar_31_15   dta b(0,0,1,4,1,66,64,34,4,19,0,0,0,0,0,0)
bar_31_16   dta b(0,0,2,5,6,43,89,4,4,19,0,0,0,0,0,0)
bar_31_17   dta b(0,1,3,5,7,44,90,4,4,20,16,0,0,0,0,0)
bar_31_18   dta b(0,2,3,5,8,45,35,4,4,21,17,0,0,0,0,0)
bar_31_19   dta b(1,3,3,5,9,45,36,4,4,22,18,0,0,0,0,0)
bar_31_20   dta b(2,3,3,5,9,46,91,35,4,23,19,10,0,0,0,0)
bar_31_21   dta b(3,3,3,5,10,47,16,36,4,7,20,11,0,0,0,0)
bar_31_22   dta b(4,3,3,5,11,48,68,37,4,7,21,12,9,0,0,0)
bar_31_23   dta b(4,3,3,5,1,13,57,61,36,7,1,13,10,0,0,0)
bar_31_24   dta b(4,3,3,5,1,14,58,62,37,38,1,1,11,9,0,0)
bar_31_25   dta b(5,3,3,5,1,1,5,52,13,39,1,1,12,10,13,0)
bar_31_26   dta b(6,3,3,5,1,1,6,53,68,91,34,1,1,11,14,0)
bar_31_27   dta b(7,4,3,5,1,1,1,5,59,50,35,1,1,12,15,5)
bar_31_28   dta b(0,5,3,5,1,1,1,6,60,60,53,26,1,1,16,6)
bar_31_29   dta b(0,6,4,5,1,1,1,1,6,22,18,27,1,1,17,7)
bar_31_30   dta b(0,0,5,5,1,1,1,1,7,61,50,43,32,1,18,1)
bar_32_0   dta b(0,0,0,1,1,1,7,7,52,1,44,36,26,1,8,1)
bar_32_1   dta b(0,0,0,2,1,1,8,8,53,52,45,37,27,1,8,2)
bar_32_2   dta b(0,0,0,0,2,1,1,9,8,53,3,38,28,1,9,3)
bar_32_3   dta b(0,0,0,0,3,1,1,10,8,54,4,39,29,1,10,4)
bar_32_4   dta b(0,0,0,0,0,2,1,11,9,55,4,40,30,1,11,0)
bar_32_5   dta b(0,0,0,0,0,3,1,1,10,55,46,41,31,6,12,0)
bar_32_6   dta b(0,0,0,0,0,4,1,1,10,56,47,52,1,7,0,0)
bar_32_7   dta b(0,0,0,0,0,5,1,1,11,57,51,25,6,8,0,0)
bar_32_8   dta b(0,0,0,0,0,5,1,12,54,58,78,6,7,0,0,0)
bar_32_9   dta b(0,0,0,0,0,6,1,13,55,69,33,7,8,0,0,0)
bar_32_10   dta b(0,0,0,0,0,7,9,73,56,90,12,8,0,0,0,0)
bar_32_11   dta b(0,0,0,0,0,8,10,49,93,37,13,9,0,0,0,0)
bar_32_12   dta b(0,0,0,0,4,15,78,59,94,16,14,0,0,0,0,0)
bar_32_13   dta b(0,0,0,0,5,16,54,83,35,17,15,0,0,0,0,0)
bar_32_14   dta b(0,0,0,3,12,41,63,84,4,18,0,0,0,0,0,0)
bar_32_15   dta b(0,0,1,4,54,42,64,34,4,19,0,0,0,0,0,0)
bar_32_16   dta b(0,0,2,6,36,43,89,4,4,19,0,0,0,0,0,0)
bar_32_17   dta b(0,1,3,7,37,44,90,4,4,20,16,0,0,0,0,0)
bar_32_18   dta b(0,2,6,37,8,45,35,4,4,21,17,0,0,0,0,0)
bar_32_19   dta b(1,3,7,38,9,45,36,4,4,22,18,0,0,0,0,0)
bar_32_20   dta b(2,3,8,38,9,46,91,35,4,23,19,10,0,0,0,0)
bar_32_21   dta b(3,3,9,39,10,47,16,36,4,7,20,11,0,0,0,0)
bar_32_22   dta b(4,3,10,40,38,48,68,37,4,7,21,12,9,0,0,0)
bar_32_23   dta b(4,3,11,8,39,13,57,61,36,7,1,13,10,0,0,0)
bar_32_24   dta b(4,3,12,8,40,14,58,62,37,38,1,1,11,9,0,0)
bar_32_25   dta b(5,3,13,9,41,49,5,52,13,39,1,1,12,10,13,0)
bar_32_26   dta b(6,3,3,10,14,50,6,53,68,91,34,1,1,11,14,0)
bar_32_27   dta b(7,4,3,11,15,17,59,5,59,50,35,1,1,12,15,5)
bar_32_28   dta b(0,5,3,5,16,17,60,54,60,60,53,26,1,1,16,6)
bar_32_29   dta b(0,6,4,5,1,18,12,55,6,22,18,27,1,1,17,7)
bar_32_30   dta b(0,0,5,5,1,19,13,56,61,61,50,43,32,1,18,1)
bar_33_0   dta b(0,0,0,1,1,1,7,15,62,1,1,1,1,1,8,1)
bar_33_1   dta b(0,0,0,2,1,1,8,16,79,62,2,1,1,1,8,2)
bar_33_2   dta b(0,0,0,0,2,1,1,9,13,63,3,1,1,1,9,3)
bar_33_3   dta b(0,0,0,0,3,1,1,10,14,64,4,1,1,1,10,4)
bar_33_4   dta b(0,0,0,0,0,2,1,11,15,65,4,1,1,1,11,0)
bar_33_5   dta b(0,0,0,0,0,3,1,1,16,65,5,1,1,6,12,0)
bar_33_6   dta b(0,0,0,0,0,4,1,1,17,66,6,1,1,7,0,0)
bar_33_7   dta b(0,0,0,0,0,5,1,1,18,67,1,1,6,8,0,0)
bar_33_8   dta b(0,0,0,0,0,5,1,12,80,108,1,6,7,0,0,0)
bar_33_9   dta b(0,0,0,0,0,6,1,17,81,6,1,7,8,0,0,0)
bar_33_10   dta b(0,0,0,0,0,7,9,74,109,7,12,8,0,0,0,0)
bar_33_11   dta b(0,0,0,0,0,8,14,75,4,7,13,9,0,0,0,0)
bar_33_12   dta b(0,0,0,0,4,15,79,3,4,16,14,0,0,0,0,0)
bar_33_13   dta b(0,0,0,0,5,20,101,4,4,17,15,0,0,0,0,0)
bar_33_14   dta b(0,0,0,3,12,65,3,4,4,18,0,0,0,0,0,0)
bar_33_15   dta b(0,0,1,4,55,94,4,4,4,19,0,0,0,0,0,0)
bar_33_16   dta b(0,0,2,6,56,11,4,4,4,19,0,0,0,0,0,0)
bar_33_17   dta b(0,1,3,12,44,12,4,4,4,20,16,0,0,0,0,0)
bar_33_18   dta b(0,2,6,45,8,12,4,4,4,21,17,0,0,0,0,0)
bar_33_19   dta b(1,3,7,46,9,12,4,4,4,22,18,0,0,0,0,0)
bar_33_20   dta b(2,3,8,42,9,12,4,4,4,23,19,10,0,0,0,0)
bar_33_21   dta b(3,3,9,43,10,12,4,4,4,7,20,11,0,0,0,0)
bar_33_22   dta b(4,3,10,47,45,12,4,4,4,7,21,12,9,0,0,0)
bar_33_23   dta b(4,3,11,16,2,13,4,4,4,7,1,13,10,0,0,0)
bar_33_24   dta b(4,3,12,17,46,14,4,4,4,7,1,1,11,9,0,0)
bar_33_25   dta b(5,3,13,18,57,53,5,4,4,7,1,1,12,10,13,0)
bar_33_26   dta b(6,3,3,10,20,54,6,4,4,7,1,1,1,11,14,0)
bar_33_27   dta b(7,4,3,11,15,22,69,5,4,7,1,1,1,12,15,5)
bar_33_28   dta b(0,5,3,5,16,23,70,63,5,7,1,1,1,1,16,6)
bar_33_29   dta b(0,6,4,5,1,18,16,64,6,7,1,1,1,1,17,7)
bar_33_30   dta b(0,0,5,5,1,19,17,76,69,15,1,1,1,1,18,1)
bar_34_0   dta b(0,0,0,1,1,1,1,1,1,1,1,1,1,1,21,0)
bar_34_1   dta b(0,0,0,2,1,1,1,1,1,2,2,1,1,1,21,0)
bar_34_2   dta b(0,0,0,0,2,1,1,1,1,3,3,1,1,1,22,0)
bar_34_3   dta b(0,0,0,0,3,1,1,1,1,3,4,1,1,15,0,0)
bar_34_4   dta b(0,0,0,0,0,2,1,1,1,3,4,1,1,16,0,0)
bar_34_5   dta b(0,0,0,0,0,3,1,1,1,3,5,1,1,3,0,0)
bar_34_6   dta b(0,0,0,0,0,4,1,1,1,3,6,1,16,0,0,0)
bar_34_7   dta b(0,0,0,0,0,5,1,1,1,4,1,1,17,0,0,0)
bar_34_8   dta b(0,0,0,0,0,5,1,1,1,5,1,16,0,0,0,0)
bar_34_9   dta b(0,0,0,0,0,6,1,1,2,6,25,17,0,0,0,0)
bar_34_10   dta b(0,0,0,0,0,7,1,1,3,7,26,0,0,0,0,0)
bar_34_11   dta b(0,0,0,0,0,8,1,2,4,8,0,0,0,0,0,0)
bar_34_12   dta b(0,0,0,0,4,1,1,3,4,27,0,0,0,0,0,0)
bar_34_13   dta b(0,0,0,0,5,1,2,4,21,28,0,0,0,0,0,0)
bar_34_14   dta b(0,0,0,3,1,9,3,4,22,0,0,0,0,0,0,0)
bar_34_15   dta b(0,0,1,4,1,10,4,4,23,0,0,0,0,0,0,0)
bar_34_16   dta b(0,0,2,5,6,11,4,4,24,0,0,0,0,0,0,0)
bar_34_17   dta b(0,1,3,5,7,12,4,4,24,0,0,0,0,0,0,0)
bar_34_18   dta b(0,2,3,5,8,12,4,4,25,0,0,0,0,0,0,0)
bar_34_19   dta b(1,3,3,5,9,12,4,4,26,0,0,0,0,0,0,0)
bar_34_20   dta b(2,3,3,5,9,12,4,4,27,29,0,0,0,0,0,0)
bar_34_21   dta b(3,3,3,5,10,12,4,4,4,30,0,0,0,0,0,0)
bar_34_22   dta b(4,3,3,5,11,12,4,4,4,14,9,0,0,0,0,0)
bar_34_23   dta b(4,3,3,5,1,13,4,4,4,7,10,0,0,0,0,0)
bar_34_24   dta b(4,3,3,5,1,14,4,4,4,7,27,18,0,0,0,0)
bar_34_25   dta b(5,3,3,5,1,1,5,4,4,7,1,19,0,0,0,0)
bar_34_26   dta b(6,3,3,5,1,1,6,4,4,7,1,1,18,0,0,0)
bar_34_27   dta b(7,4,3,5,1,1,1,5,4,7,1,1,5,0,0,0)
bar_34_28   dta b(0,5,3,5,1,1,1,6,5,7,1,1,1,4,0,0)
bar_34_29   dta b(0,6,4,5,1,1,1,1,6,7,1,1,1,17,0,0)
bar_34_30   dta b(0,0,5,5,1,1,1,1,7,15,1,1,1,18,23,0)
bar_35_0   dta b(0,0,0,0,31,17,12,7,8,24,22,14,19,1,8,1)
bar_35_1   dta b(0,0,0,0,26,17,12,7,8,24,22,14,20,1,8,2)
bar_35_2   dta b(0,0,0,0,0,35,12,7,8,24,22,14,21,1,9,3)
bar_35_3   dta b(0,0,0,0,0,36,12,7,8,24,22,14,22,1,10,4)
bar_35_4   dta b(0,0,0,0,0,0,44,7,8,24,22,14,23,1,11,0)
bar_35_5   dta b(0,0,0,0,0,0,45,7,8,24,22,14,24,6,12,0)
bar_35_6   dta b(0,0,0,0,0,0,46,7,8,24,22,20,1,7,0,0)
bar_35_7   dta b(0,0,0,0,0,0,46,7,8,24,22,21,6,8,0,0)
bar_35_8   dta b(0,0,0,0,0,0,47,7,8,24,28,6,7,0,0,0)
bar_35_9   dta b(0,0,0,0,0,0,48,7,8,24,29,7,8,0,0,0)
bar_35_10   dta b(0,0,0,0,0,37,49,7,8,31,12,8,0,0,0,0)
bar_35_11   dta b(0,0,0,0,0,38,12,7,28,32,13,9,0,0,0,0)
bar_35_12   dta b(0,0,0,0,0,39,12,7,29,16,14,0,0,0,0,0)
bar_35_13   dta b(0,0,0,0,32,17,12,26,30,17,15,0,0,0,0,0)
bar_35_14   dta b(0,0,0,32,33,17,12,27,4,18,0,0,0,0,0,0)
bar_35_15   dta b(0,0,0,33,14,17,12,28,4,19,0,0,0,0,0,0)
bar_35_16   dta b(0,0,31,8,14,17,30,4,4,19,0,0,0,0,0,0)
bar_35_17   dta b(0,0,32,8,14,17,31,4,4,20,16,0,0,0,0,0)
bar_35_18   dta b(0,17,19,8,14,17,31,4,4,21,17,0,0,0,0,0)
bar_35_19   dta b(0,18,19,8,14,17,32,4,4,22,18,0,0,0,0,0)
bar_35_20   dta b(12,19,19,8,14,17,33,29,4,23,19,10,0,0,0,0)
bar_35_21   dta b(13,20,19,8,14,17,12,30,4,7,20,11,0,0,0,0)
bar_35_22   dta b(14,20,19,8,14,17,12,31,4,7,21,12,9,0,0,0)
bar_35_23   dta b(14,20,19,8,14,17,12,7,31,7,1,13,10,0,0,0)
bar_35_24   dta b(15,20,19,8,14,17,12,7,32,33,1,1,11,9,0,0)
bar_35_25   dta b(0,21,19,8,14,17,12,7,8,34,1,1,12,10,13,0)
bar_35_26   dta b(0,22,19,8,14,17,12,7,8,35,30,1,1,11,14,0)
bar_35_27   dta b(0,23,33,8,14,17,12,7,8,24,31,1,1,12,15,5)
bar_35_28   dta b(0,0,21,8,14,17,12,7,8,24,22,22,1,1,16,6)
bar_35_29   dta b(0,0,22,25,14,17,12,7,8,24,22,23,1,1,17,7)
bar_35_30   dta b(0,0,0,36,14,17,12,7,8,24,22,14,25,1,18,1)
bar_36_0   dta b(0,0,0,0,0,0,0,0,0,0,0,0,26,1,8,1)
bar_36_1   dta b(0,0,0,0,0,0,0,0,0,0,0,0,27,1,8,2)
bar_36_2   dta b(0,0,0,0,0,0,0,0,0,0,0,0,28,1,9,3)
bar_36_3   dta b(0,0,0,0,0,0,0,0,0,0,0,0,29,1,10,4)
bar_36_4   dta b(0,0,0,0,0,0,0,0,0,0,0,0,30,1,11,0)
bar_36_5   dta b(0,0,0,0,0,0,0,0,0,0,0,0,31,6,12,0)
bar_36_6   dta b(0,0,0,0,0,0,0,0,0,0,0,24,1,7,0,0)
bar_36_7   dta b(0,0,0,0,0,0,0,0,0,0,0,25,6,8,0,0)
bar_36_8   dta b(0,0,0,0,0,0,0,0,0,0,32,6,7,0,0,0)
bar_36_9   dta b(0,0,0,0,0,0,0,0,0,0,33,7,8,0,0,0)
bar_36_10   dta b(0,0,0,0,0,0,0,0,0,36,12,8,0,0,0,0)
bar_36_11   dta b(0,0,0,0,0,0,0,0,33,37,13,9,0,0,0,0)
bar_36_12   dta b(0,0,0,0,0,0,0,0,34,16,14,0,0,0,0,0)
bar_36_13   dta b(0,0,0,0,0,0,0,32,35,17,15,0,0,0,0,0)
bar_36_14   dta b(0,0,0,0,0,0,0,33,4,18,0,0,0,0,0,0)
bar_36_15   dta b(0,0,0,0,0,0,0,34,4,19,0,0,0,0,0,0)
bar_36_16   dta b(0,0,0,0,0,0,34,4,4,19,0,0,0,0,0,0)
bar_36_17   dta b(0,0,0,0,0,0,35,4,4,20,16,0,0,0,0,0)
bar_36_18   dta b(0,0,0,0,0,0,35,4,4,21,17,0,0,0,0,0)
bar_36_19   dta b(0,0,0,0,0,0,36,4,4,22,18,0,0,0,0,0)
bar_36_20   dta b(0,0,0,0,0,0,37,35,4,23,19,10,0,0,0,0)
bar_36_21   dta b(0,0,0,0,0,0,0,36,4,7,20,11,0,0,0,0)
bar_36_22   dta b(0,0,0,0,0,0,0,37,4,7,21,12,9,0,0,0)
bar_36_23   dta b(0,0,0,0,0,0,0,0,36,7,1,13,10,0,0,0)
bar_36_24   dta b(0,0,0,0,0,0,0,0,37,38,1,1,11,9,0,0)
bar_36_25   dta b(0,0,0,0,0,0,0,0,0,39,1,1,12,10,13,0)
bar_36_26   dta b(0,0,0,0,0,0,0,0,0,40,34,1,1,11,14,0)
bar_36_27   dta b(0,0,0,0,0,0,0,0,0,0,35,1,1,12,15,5)
bar_36_28   dta b(0,0,0,0,0,0,0,0,0,0,0,26,1,1,16,6)
bar_36_29   dta b(0,0,0,0,0,0,0,0,0,0,0,27,1,1,17,7)
bar_36_30   dta b(0,0,0,0,0,0,0,0,0,0,0,0,32,1,18,1)
bar_37_0   dta b(0,0,0,1,1,1,1,1,1,1,1,1,1,1,24,1)
bar_37_1   dta b(0,0,0,2,1,1,1,1,1,2,2,1,1,1,24,2)
bar_37_2   dta b(0,0,0,0,2,1,1,1,1,3,3,1,1,1,25,3)
bar_37_3   dta b(0,0,0,0,3,1,1,1,1,3,4,1,1,19,19,4)
bar_37_4   dta b(0,0,0,0,0,2,1,1,1,3,4,1,1,20,20,0)
bar_37_5   dta b(0,0,0,0,0,3,1,1,1,3,5,1,1,21,12,0)
bar_37_6   dta b(0,0,0,0,0,4,1,1,1,3,6,1,33,14,0,0)
bar_37_7   dta b(0,0,0,0,0,5,1,1,1,4,1,1,34,8,0,0)
bar_37_8   dta b(0,0,0,0,0,5,1,1,1,5,1,28,15,0,0,0)
bar_37_9   dta b(0,0,0,0,0,6,1,1,2,6,36,29,8,0,0,0)
bar_37_10   dta b(0,0,0,0,0,7,1,1,3,7,37,8,0,0,0,0)
bar_37_11   dta b(0,0,0,0,0,8,1,2,4,16,23,9,0,0,0,0)
bar_37_12   dta b(0,0,0,0,4,1,1,3,4,41,14,0,0,0,0,0)
bar_37_13   dta b(0,0,0,0,5,1,2,4,38,42,15,0,0,0,0,0)
bar_37_14   dta b(0,0,0,3,1,9,3,4,39,25,0,0,0,0,0,0)
bar_37_15   dta b(0,0,1,4,1,10,4,4,40,19,0,0,0,0,0,0)
bar_37_16   dta b(0,0,2,5,6,11,4,4,41,19,0,0,0,0,0,0)
bar_37_17   dta b(0,1,3,5,7,12,4,4,41,26,16,0,0,0,0,0)
bar_37_18   dta b(0,2,3,5,8,12,4,4,42,24,17,0,0,0,0,0)
bar_37_19   dta b(1,3,3,5,9,12,4,4,43,24,18,0,0,0,0,0)
bar_37_20   dta b(2,3,3,5,9,12,4,4,44,43,24,10,0,0,0,0)
bar_37_21   dta b(3,3,3,5,10,12,4,4,4,44,22,11,0,0,0,0)
bar_37_22   dta b(4,3,3,5,11,12,4,4,4,23,38,14,9,0,0,0)
bar_37_23   dta b(4,3,3,5,1,13,4,4,4,7,20,14,10,0,0,0)
bar_37_24   dta b(4,3,3,5,1,14,4,4,4,7,39,30,13,9,0,0)
bar_37_25   dta b(5,3,3,5,1,1,5,4,4,7,1,31,13,10,13,0)
bar_37_26   dta b(6,3,3,5,1,1,6,4,4,7,1,1,35,13,14,0)
bar_37_27   dta b(7,4,3,5,1,1,1,5,4,7,1,1,12,13,15,5)
bar_37_28   dta b(0,5,3,5,1,1,1,6,5,7,1,1,1,11,19,6)
bar_37_29   dta b(0,6,4,5,1,1,1,1,6,7,1,1,1,22,19,7)
bar_37_30   dta b(0,0,5,5,1,1,1,1,7,15,1,1,1,23,26,1)
bar_38_0   dta b(0,0,0,0,31,17,12,7,8,24,22,14,13,13,27,0)
bar_38_1   dta b(0,0,0,0,26,17,12,7,8,24,22,14,13,13,27,0)
bar_38_2   dta b(0,0,0,0,0,35,12,7,8,24,22,14,13,13,28,0)
bar_38_3   dta b(0,0,0,0,0,36,12,7,8,24,22,14,13,13,29,0)
bar_38_4   dta b(0,0,0,0,0,0,44,7,8,24,22,14,13,13,30,0)
bar_38_5   dta b(0,0,0,0,0,0,45,7,8,24,22,14,13,14,0,0)
bar_38_6   dta b(0,0,0,0,0,0,46,7,8,24,22,14,13,24,0,0)
bar_38_7   dta b(0,0,0,0,0,0,46,7,8,24,22,14,15,0,0,0)
bar_38_8   dta b(0,0,0,0,0,0,47,7,8,24,22,15,8,0,0,0)
bar_38_9   dta b(0,0,0,0,0,0,48,7,8,24,22,8,0,0,0,0)
bar_38_10   dta b(0,0,0,0,0,37,49,7,8,24,40,0,0,0,0,0)
bar_38_11   dta b(0,0,0,0,0,38,12,7,8,24,41,0,0,0,0,0)
bar_38_12   dta b(0,0,0,0,0,39,12,7,8,45,0,0,0,0,0,0)
bar_38_13   dta b(0,0,0,0,32,17,12,7,8,46,0,0,0,0,0,0)
bar_38_14   dta b(0,0,0,32,33,17,12,7,8,47,0,0,0,0,0,0)
bar_38_15   dta b(0,0,0,33,14,17,12,7,8,0,0,0,0,0,0,0)
bar_38_16   dta b(0,0,31,8,14,17,12,7,8,0,0,0,0,0,0,0)
bar_38_17   dta b(0,0,32,8,14,17,12,7,8,48,0,0,0,0,0,0)
bar_38_18   dta b(0,17,19,8,14,17,12,7,8,49,0,0,0,0,0,0)
bar_38_19   dta b(0,18,19,8,14,17,12,7,8,50,0,0,0,0,0,0)
bar_38_20   dta b(12,19,19,8,14,17,12,7,8,51,16,0,0,0,0,0)
bar_38_21   dta b(13,20,19,8,14,17,12,7,8,24,42,0,0,0,0,0)
bar_38_22   dta b(14,20,19,8,14,17,12,7,8,24,43,32,0,0,0,0)
bar_38_23   dta b(14,20,19,8,14,17,12,7,8,24,22,11,0,0,0,0)
bar_38_24   dta b(15,20,19,8,14,17,12,7,8,24,22,14,9,0,0,0)
bar_38_25   dta b(0,21,19,8,14,17,12,7,8,24,22,14,10,0,0,0)
bar_38_26   dta b(0,22,19,8,14,17,12,7,8,24,22,14,13,25,0,0)
bar_38_27   dta b(0,23,33,8,14,17,12,7,8,24,22,14,13,26,0,0)
bar_38_28   dta b(0,0,21,8,14,17,12,7,8,24,22,14,13,13,31,0)
bar_38_29   dta b(0,0,22,25,14,17,12,7,8,24,22,14,13,13,32,0)
bar_38_30   dta b(0,0,0,36,14,17,12,7,8,24,22,14,13,13,33,0)
bar_39_0   dta b(0,0,0,0,0,0,0,0,0,0,0,0,0,27,19,1)
bar_39_1   dta b(0,0,0,0,0,0,0,0,0,0,0,0,0,28,19,2)
bar_39_2   dta b(0,0,0,0,0,0,0,0,0,0,0,0,0,28,19,3)
bar_39_3   dta b(0,0,0,0,0,0,0,0,0,0,0,0,0,29,19,4)
bar_39_4   dta b(0,0,0,0,0,0,0,0,0,0,0,0,36,30,20,0)
bar_39_5   dta b(0,0,0,0,0,0,0,0,0,0,0,0,37,13,12,0)
bar_39_6   dta b(0,0,0,0,0,0,0,0,0,0,0,0,38,14,0,0)
bar_39_7   dta b(0,0,0,0,0,0,0,0,0,0,0,53,14,8,0,0)
bar_39_8   dta b(0,0,0,0,0,0,0,0,0,0,0,54,15,0,0,0)
bar_39_9   dta b(0,0,0,0,0,0,0,0,0,0,84,15,8,0,0,0)
bar_39_10   dta b(0,0,0,0,0,0,0,0,0,77,64,8,0,0,0,0)
bar_39_11   dta b(0,0,0,0,0,0,0,0,0,78,23,9,0,0,0,0)
bar_39_12   dta b(0,0,0,0,0,0,0,0,110,96,14,0,0,0,0,0)
bar_39_13   dta b(0,0,0,0,0,0,0,0,96,24,15,0,0,0,0,0)
bar_39_14   dta b(0,0,0,0,0,0,0,101,97,25,0,0,0,0,0,0)
bar_39_15   dta b(0,0,0,0,0,0,0,88,8,19,0,0,0,0,0,0)
bar_39_16   dta b(0,0,0,0,0,0,0,89,8,19,0,0,0,0,0,0)
bar_39_17   dta b(0,0,0,0,0,0,0,90,8,26,16,0,0,0,0,0)
bar_39_18   dta b(0,0,0,0,0,0,0,91,8,24,17,0,0,0,0,0)
bar_39_19   dta b(0,0,0,0,0,0,0,92,8,24,18,0,0,0,0,0)
bar_39_20   dta b(0,0,0,0,0,0,0,93,76,24,24,10,0,0,0,0)
bar_39_21   dta b(0,0,0,0,0,0,0,0,98,24,22,11,0,0,0,0)
bar_39_22   dta b(0,0,0,0,0,0,0,0,99,24,22,14,9,0,0,0)
bar_39_23   dta b(0,0,0,0,0,0,0,0,0,97,22,14,10,0,0,0)
bar_39_24   dta b(0,0,0,0,0,0,0,0,0,92,79,14,13,9,0,0)
bar_39_25   dta b(0,0,0,0,0,0,0,0,0,0,59,14,13,10,13,0)
bar_39_26   dta b(0,0,0,0,0,0,0,0,0,0,0,55,13,13,14,0)
bar_39_27   dta b(0,0,0,0,0,0,0,0,0,0,0,56,13,13,15,5)
bar_39_28   dta b(0,0,0,0,0,0,0,0,0,0,0,0,39,13,19,6)
bar_39_29   dta b(0,0,0,0,0,0,0,0,0,0,0,0,40,13,19,7)
bar_39_30   dta b(0,0,0,0,0,0,0,0,0,0,0,0,41,31,19,1)
